Running: demo_periodic

gp = 

            type: 'FULL'
             lik: [1x1 struct]
              cf: {[1x1 struct]  [1x1 struct]}
    infer_params: 'covariance+likelihood'
    jitterSigma2: 0

Iter    1  f(x) 1934.54484  Scale 1.0e+01
Iter    2  f(x)  997.90177  Scale 5.0e+00
Iter    3  f(x)  860.04408  Scale 2.5e+00
Iter    4  f(x)  683.23839  Scale 1.2e+00
Iter    5  f(x)  671.39944  Scale 6.2e-01
Iter    6  f(x)  658.83560  Scale 3.1e-01
Iter    7  f(x)  633.62653  Scale 1.6e-01
Iter    8  f(x)  629.26496  Scale 7.8e-02
Iter    9  f(x)  626.73064  Scale 3.9e-02
Iter   10  f(x)  625.58167  Scale 2.0e-02
Iter   11  f(x)  624.61566  Scale 9.8e-03
Iter   12  f(x)  621.75152  Scale 4.9e-03
Iter   13  f(x)  621.59105  Scale 2.4e-03
Iter   14  f(x)  621.08380  Scale 1.2e-03
Iter   15  f(x)  620.74452  Scale 6.1e-04
Iter   16  f(x)  620.52253  Scale 3.1e-04
Iter   17  f(x)  619.85328  Scale 1.5e-04
Iter   18  f(x)  619.80821  Scale 7.6e-05
Iter   19  f(x)  619.23695  Scale 3.8e-05
Iter   20  f(x)  619.18538  Scale 1.9e-05
Iter   21  f(x)  619.15838  Scale 9.5e-06
Iter   22  f(x)  619.13037  Scale 4.8e-06
Iter   23  f(x)  619.12171  Scale 2.4e-06
Iter   24  f(x)  619.10912  Scale 1.2e-06
Iter   25  f(x)  619.10705  Scale 6.0e-07
Iter   26  f(x)  619.10695  Scale 3.0e-07
TolX reached

gp = 

            type: 'FULL'
             lik: [1x1 struct]
              cf: {[1x1 struct]  [1x1 struct]  [1x1 struct]}
    infer_params: 'covariance+likelihood'
    jitterSigma2: 0

Iter    1  f(x)  594.69325  Scale 1.0e+01
TolX reached

gp = 

             type: 'FULL'
              lik: [1x1 struct]
               cf: {[1x1 struct]  [1x1 struct]  [1x1 struct]  [1x1 struct]}
     infer_params: 'covariance+likelihood'
     jitterSigma2: 0
    latent_method: 'Laplace'
               fh: [1x1 struct]
       latent_opt: [1x1 struct]

Iter    1  f(x)  274.87662  Scale 1.0e+01
Iter    2  f(x)  257.95569  Scale 5.0e+00
Iter    3  f(x)  253.27786  Scale 2.5e+00
Iter    4  f(x)  250.53297  Scale 1.2e+00
Iter    5  f(x)  249.87337  Scale 6.2e-01
Iter    6  f(x)  249.46859  Scale 3.1e-01
Iter    7  f(x)  249.31681  Scale 1.6e-01
Iter    8  f(x)  249.08962  Scale 7.8e-02
Iter    9  f(x)  249.04933  Scale 3.9e-02
Iter   10  f(x)  249.02493  Scale 2.0e-02
Iter   11  f(x)  249.00592  Scale 9.8e-03
Iter   12  f(x)  248.99278  Scale 4.9e-03
Iter   13  f(x)  248.98999  Scale 2.4e-03
Iter   14  f(x)  248.98427  Scale 1.2e-03
Iter   15  f(x)  248.98242  Scale 6.1e-04
Iter   16  f(x)  248.98132  Scale 3.1e-04
Iter   17  f(x)  248.98080  Scale 1.5e-04
TolFun reached

 gp hyperparameters (gp_pak(gp)): 
 
  Columns 1 through 8

   -1.4950    4.0055   -0.5834   -0.1452    4.6017   -2.8921   -0.4391    0.9272

  Column 9

    2.4323

