Running: demo_regression_robust

gp = 

            type: 'FULL'
             lik: [1x1 struct]
              cf: {[1x1 struct]}
    infer_params: 'covariance+likelihood'
    jitterSigma2: 1.0000e-09

Gaussian noise model and MAP estimate for parameters
Iter    1  f(x)   91.57169  Scale 1.0e+01
Iter    2  f(x)   55.18364  Scale 5.0e+00
Iter    3  f(x)   49.14954  Scale 2.5e+00
Iter    4  f(x)   34.44968  Scale 1.2e+00
Iter    5  f(x)   32.55469  Scale 6.2e-01
Iter    6  f(x)   28.18902  Scale 3.1e-01
Iter    7  f(x)   27.28370  Scale 1.6e-01
Iter    8  f(x)   27.28360  Scale 1.6e-01
TolFun reached

S1 =

length-scale: 0.438, magnSigma2: 1.162  


Scale mixture Gaussian (~=Student-t) noise model                
using MCMC integration over the latent values and parameters    

gp = 

            type: 'FULL'
             lik: [1x1 struct]
              cf: {[1x1 struct]}
    infer_params: 'covariance+likelihood'
    jitterSigma2: 1.0000e-09

 cycle  etr      hrej     
    2  46.646   0.0e+00  
    3  17.108   0.0e+00  
    4  -11.106   0.0e+00  
    5  -17.577   1.0e+00  
    6  -30.219   0.0e+00  
    7  -52.397   0.0e+00  
    8  -54.748   0.0e+00  
    9  -54.392   1.0e+00  
   10  -55.734   0.0e+00  
   11  -59.562   0.0e+00  
   12  -50.710   0.0e+00  
   13  -52.319   0.0e+00  
   14  -55.644   0.0e+00  
   15  -52.461   0.0e+00  
   16  -51.777   0.0e+00  
   17  -61.221   1.0e+00  
   18  -60.140   0.0e+00  
   19  -60.113   0.0e+00  
   20  -58.412   0.0e+00  
   21  -49.516   0.0e+00  
   22  -64.409   0.0e+00  
   23  -65.179   0.0e+00  
   24  -60.110   0.0e+00  
   25  -50.759   0.0e+00  
   26  -50.791   0.0e+00  
   27  -59.013   0.0e+00  
   28  -52.780   0.0e+00  
   29  -48.761   0.0e+00  
   30  -45.726   0.0e+00  
   31  -44.048   0.0e+00  
   32  -52.217   0.0e+00  
   33  -48.736   0.0e+00  
   34  -58.388   0.0e+00  
   35  -49.889   0.0e+00  
   36  -48.988   0.0e+00  
   37  -54.831   0.0e+00  
   38  -50.837   0.0e+00  
   39  -50.834   0.0e+00  
   40  -53.180   0.0e+00  
   41  -54.218   0.0e+00  
   42  -53.057   0.0e+00  
   43  -59.302   0.0e+00  
   44  -57.886   0.0e+00  
   45  -47.614   0.0e+00  
   46  -57.384   0.0e+00  
   47  -61.547   0.0e+00  
   48  -51.561   0.0e+00  
   49  -51.149   0.0e+00  
   50  -46.920   0.0e+00  
   51  -46.854   0.0e+00  
   52  -60.626   0.0e+00  
   53  -45.764   0.0e+00  
   54  -46.754   0.0e+00  
   55  -51.204   0.0e+00  
   56  -47.655   0.0e+00  
   57  -57.011   0.0e+00  
   58  -53.568   0.0e+00  
   59  -55.237   1.0e+00  
   60  -60.706   0.0e+00  
   61  -54.505   1.0e+00  
   62  -57.632   0.0e+00  
   63  -57.378   0.0e+00  
   64  -59.644   0.0e+00  
   65  -60.900   0.0e+00  
   66  -62.907   0.0e+00  
   67  -64.607   0.0e+00  
   68  -55.200   0.0e+00  
   69  -67.266   0.0e+00  
   70  -50.463   0.0e+00  
   71  -56.651   0.0e+00  
   72  -55.381   0.0e+00  
   73  -47.478   0.0e+00  
   74  -57.012   0.0e+00  
   75  -54.816   0.0e+00  
   76  -56.221   0.0e+00  
   77  -55.049   0.0e+00  
   78  -50.451   0.0e+00  
   79  -52.114   0.0e+00  
   80  -59.696   0.0e+00  
   81  -57.515   0.0e+00  
   82  -57.519   0.0e+00  
   83  -58.252   0.0e+00  
   84  -65.609   0.0e+00  
   85  -64.047   0.0e+00  
   86  -59.753   0.0e+00  
   87  -62.458   0.0e+00  
   88  -56.195   0.0e+00  
   89  -65.621   0.0e+00  
   90  -58.408   0.0e+00  
   91  -71.196   0.0e+00  
   92  -66.438   0.0e+00  
   93  -54.010   0.0e+00  
   94  -66.024   0.0e+00  
   95  -62.457   0.0e+00  
   96  -55.331   0.0e+00  
   97  -68.660   0.0e+00  
   98  -56.803   0.0e+00  
   99  -60.614   0.0e+00  
  100  -59.352   0.0e+00  
  101  -64.136   0.0e+00  
  102  -67.296   0.0e+00  
  103  -65.698   0.0e+00  
  104  -58.303   0.0e+00  
  105  -58.244   0.0e+00  
  106  -49.584   0.0e+00  
  107  -50.196   0.0e+00  
  108  -54.941   0.0e+00  
  109  -57.270   0.0e+00  
  110  -53.574   0.0e+00  
  111  -59.591   0.0e+00  
  112  -60.030   0.0e+00  
  113  -57.896   0.0e+00  
  114  -62.753   0.0e+00  
  115  -57.894   0.0e+00  
  116  -53.411   1.0e+00  
  117  -53.216   0.0e+00  
  118  -48.196   0.0e+00  
  119  -45.325   1.0e+00  
  120  -41.499   0.0e+00  
  121  -52.349   0.0e+00  
  122  -51.232   0.0e+00  
  123  -47.079   0.0e+00  
  124  -49.064   0.0e+00  
  125  -58.047   0.0e+00  
  126  -61.429   0.0e+00  
  127  -51.641   0.0e+00  
  128  -51.122   0.0e+00  
  129  -55.325   0.0e+00  
  130  -49.908   0.0e+00  
  131  -44.707   0.0e+00  
  132  -54.346   0.0e+00  
  133  -57.479   0.0e+00  
  134  -52.797   0.0e+00  
  135  -53.496   0.0e+00  
  136  -63.237   0.0e+00  
  137  -58.417   0.0e+00  
  138  -56.711   1.0e+00  
  139  -51.075   0.0e+00  
  140  -62.168   0.0e+00  
  141  -61.157   0.0e+00  
  142  -57.353   1.0e+00  
  143  -57.401   0.0e+00  
  144  -59.815   0.0e+00  
  145  -60.068   0.0e+00  
  146  -51.757   0.0e+00  
  147  -50.438   0.0e+00  
  148  -55.799   0.0e+00  
  149  -51.614   0.0e+00  
  150  -50.412   1.0e+00  
  151  -45.621   0.0e+00  
  152  -49.140   0.0e+00  
  153  -47.813   0.0e+00  
  154  -50.085   0.0e+00  
  155  -53.271   0.0e+00  
  156  -52.245   0.0e+00  
  157  -52.873   0.0e+00  
  158  -60.847   0.0e+00  
  159  -58.685   0.0e+00  
  160  -55.240   0.0e+00  
  161  -60.324   0.0e+00  
  162  -64.597   0.0e+00  
  163  -56.611   0.0e+00  
  164  -54.578   0.0e+00  
  165  -57.072   0.0e+00  
  166  -55.003   0.0e+00  
  167  -48.298   0.0e+00  
  168  -44.369   0.0e+00  
  169  -53.385   0.0e+00  
  170  -53.230   0.0e+00  
  171  -51.740   0.0e+00  
  172  -56.130   0.0e+00  
  173  -59.115   1.0e+00  
  174  -60.339   1.0e+00  
  175  -58.816   0.0e+00  
  176  -57.139   0.0e+00  
  177  -58.746   0.0e+00  
  178  -58.039   0.0e+00  
  179  -50.169   0.0e+00  
  180  -53.168   0.0e+00  
  181  -46.175   0.0e+00  
  182  -53.523   0.0e+00  
  183  -61.729   0.0e+00  
  184  -60.649   0.0e+00  
  185  -52.014   0.0e+00  
  186  -62.173   0.0e+00  
  187  -60.583   0.0e+00  
  188  -59.803   0.0e+00  
  189  -55.423   0.0e+00  
  190  -61.016   0.0e+00  
  191  -63.008   0.0e+00  
  192  -58.190   0.0e+00  
  193  -44.950   0.0e+00  
  194  -44.051   0.0e+00  
  195  -35.233   0.0e+00  
  196  -48.486   0.0e+00  
  197  -53.416   0.0e+00  
  198  -55.016   1.0e+00  
  199  -54.549   0.0e+00  
  200  -64.957   0.0e+00  
  201  -64.799   0.0e+00  
  202  -53.050   0.0e+00  
  203  -59.617   0.0e+00  
  204  -59.191   0.0e+00  
  205  -51.314   0.0e+00  
  206  -54.241   0.0e+00  
  207  -57.238   0.0e+00  
  208  -64.695   0.0e+00  
  209  -66.390   0.0e+00  
  210  -59.441   0.0e+00  
  211  -50.033   0.0e+00  
  212  -39.246   0.0e+00  
  213  -55.644   0.0e+00  
  214  -61.223   0.0e+00  
  215  -66.529   0.0e+00  
  216  -63.045   0.0e+00  
  217  -51.695   0.0e+00  
  218  -52.807   0.0e+00  
  219  -56.006   0.0e+00  
  220  -52.957   0.0e+00  
  221  -63.701   0.0e+00  
  222  -54.989   0.0e+00  
  223  -56.189   0.0e+00  
  224  -53.631   0.0e+00  
  225  -58.485   0.0e+00  
  226  -56.263   0.0e+00  
  227  -57.420   0.0e+00  
  228  -51.610   0.0e+00  
  229  -52.903   0.0e+00  
  230  -53.440   0.0e+00  
  231  -50.500   0.0e+00  
  232  -55.234   0.0e+00  
  233  -48.273   0.0e+00  
  234  -47.428   0.0e+00  
  235  -51.171   0.0e+00  
  236  -53.975   0.0e+00  
  237  -45.094   0.0e+00  
  238  -61.419   0.0e+00  
  239  -49.197   0.0e+00  
  240  -54.357   0.0e+00  
  241  -52.794   0.0e+00  
  242  -57.669   0.0e+00  
  243  -46.989   0.0e+00  
  244  -49.994   0.0e+00  
  245  -56.713   0.0e+00  
  246  -54.850   0.0e+00  
  247  -55.862   0.0e+00  
  248  -51.555   0.0e+00  
  249  -55.654   0.0e+00  
  250  -66.592   0.0e+00  
  251  -56.161   0.0e+00  
  252  -59.888   0.0e+00  
  253  -56.089   0.0e+00  
  254  -68.711   1.0e+00  
  255  -55.175   0.0e+00  
  256  -62.716   0.0e+00  
  257  -58.712   0.0e+00  
  258  -61.234   0.0e+00  
  259  -60.602   0.0e+00  
  260  -64.234   0.0e+00  
  261  -62.846   0.0e+00  
