Running: demo_regression1
GP with Gaussian noise model

gpcf = 

           type: 'gpcf_sexp'
    lengthScale: [1.1000 1.2000]
     magnSigma2: 0.0400
              p: [1x1 struct]
             fh: [1x1 struct]


K =

    0.0400    0.0187    0.0019
    0.0187    0.0400    0.0187
    0.0019    0.0187    0.0400


C =

    0.0800    0.0187    0.0019
    0.0187    0.0800    0.0187
    0.0019    0.0187    0.0800

 MAP estimate for the parameters
Iter    1  f(x)  270.97096  Scale 1.0e+01
Iter    2  f(x)  128.67649  Scale 5.0e+00
Iter    3  f(x)  108.74607  Scale 2.5e+00
Iter    4  f(x)   65.78281  Scale 1.2e+00
Iter    5  f(x)   53.68215  Scale 6.2e-01
Iter    6  f(x)   48.16368  Scale 3.1e-01
Iter    7  f(x)   46.28966  Scale 1.6e-01
Iter    8  f(x)   44.32841  Scale 7.8e-02
Iter    9  f(x)   43.97760  Scale 3.9e-02
Iter   10  f(x)   43.91561  Scale 2.0e-02
Iter   11  f(x)   43.88921  Scale 9.8e-03
Iter   12  f(x)   43.76994  Scale 4.9e-03
Iter   13  f(x)   43.74871  Scale 2.4e-03
Iter   14  f(x)   43.74790  Scale 1.2e-03
TolFun reached
    'log(sexp.magnSigma2)'
    'log(sexp.lengthScale x 2)'
    'log(gaussian.sigma2)'

    2.5200    0.8282    0.7839    0.0426

 Grid integration over the parameters

 
 MCMC integration over the parameters
 cycle  etr      hrej     
    2  48.132   0.0e+00  
    3  46.052   0.0e+00  
    4  45.008   0.0e+00  
    5  45.413   2.0e-01  
    6  44.769   0.0e+00  
    7  44.243   2.0e-01  
    8  44.295   0.0e+00  
    9  47.329   0.0e+00  
   10  47.651   0.0e+00  
   11  44.220   2.0e-01  
   12  47.124   2.0e-01  
   13  46.829   0.0e+00  
   14  45.736   2.0e-01  
   15  45.200   0.0e+00  
   16  47.384   0.0e+00  
   17  44.918   0.0e+00  
   18  46.220   0.0e+00  
   19  46.218   0.0e+00  
   20  50.716   0.0e+00  
   21  44.147   0.0e+00  
   22  44.027   0.0e+00  
   23  44.117   0.0e+00  
   24  44.317   0.0e+00  
   25  44.149   0.0e+00  
   26  45.077   0.0e+00  
   27  48.361   0.0e+00  
   28  46.450   0.0e+00  
   29  46.813   0.0e+00  
   30  45.747   0.0e+00  
   31  50.197   0.0e+00  
   32  44.754   0.0e+00  
   33  45.801   0.0e+00  
   34  45.662   2.0e-01  
   35  45.581   0.0e+00  
   36  44.358   2.0e-01  
   37  46.188   0.0e+00  
   38  45.831   0.0e+00  
   39  44.558   2.0e-01  
   40  46.140   2.0e-01  
   41  44.307   0.0e+00  
   42  46.808   0.0e+00  
   43  44.863   2.0e-01  
   44  45.722   0.0e+00  
   45  44.912   0.0e+00  
   46  46.401   0.0e+00  
   47  45.857   0.0e+00  
   48  45.597   0.0e+00  
   49  45.192   0.0e+00  
   50  45.857   0.0e+00  
   51  46.254   0.0e+00  
   52  47.257   0.0e+00  
   53  46.656   0.0e+00  
   54  52.456   0.0e+00  
   55  45.907   0.0e+00  
   56  44.638   0.0e+00  
   57  43.876   0.0e+00  
   58  47.382   0.0e+00  
   59  43.933   0.0e+00  
   60  45.198   0.0e+00  
   61  46.458   0.0e+00  
   62  44.895   0.0e+00  
   63  44.454   0.0e+00  
   64  44.972   0.0e+00  
   65  49.471   0.0e+00  
   66  46.549   0.0e+00  
   67  45.835   2.0e-01  
   68  45.397   0.0e+00  
   69  43.812   2.0e-01  
   70  44.164   2.0e-01  
   71  43.887   0.0e+00  
   72  44.460   0.0e+00  
   73  45.101   0.0e+00  
   74  43.903   0.0e+00  
   75  45.164   2.0e-01  
   76  44.165   0.0e+00  
   77  45.037   2.0e-01  
   78  45.992   2.0e-01  
   79  49.352   0.0e+00  
   80  46.448   0.0e+00  
   81  47.826   0.0e+00  
   82  48.158   0.0e+00  
   83  46.404   0.0e+00  
   84  45.090   0.0e+00  
   85  45.528   0.0e+00  
   86  45.786   2.0e-01  
   87  44.368   0.0e+00  
   88  44.163   0.0e+00  
   89  46.089   0.0e+00  
   90  45.559   0.0e+00  
   91  47.007   0.0e+00  
   92  44.956   0.0e+00  
   93  44.101   0.0e+00  
   94  46.451   0.0e+00  
   95  46.083   2.0e-01  
   96  45.561   0.0e+00  
   97  45.193   0.0e+00  
   98  44.738   0.0e+00  
   99  45.095   0.0e+00  
  100  46.970   0.0e+00  
  101  46.001   0.0e+00  
  102  47.941   0.0e+00  
  103  46.126   0.0e+00  
  104  45.030   0.0e+00  
  105  48.149   0.0e+00  
  106  45.636   0.0e+00  
  107  44.052   2.0e-01  
  108  45.938   2.0e-01  
  109  46.002   2.0e-01  
  110  45.642   0.0e+00  
  111  45.043   2.0e-01  
  112  46.798   2.0e-01  
  113  46.373   0.0e+00  
  114  45.483   0.0e+00  
  115  46.164   0.0e+00  
  116  45.130   0.0e+00  
  117  46.086   2.0e-01  
  118  44.724   0.0e+00  
  119  47.695   0.0e+00  
  120  45.106   0.0e+00  
  121  47.130   0.0e+00  
  122  45.670   0.0e+00  
  123  47.032   0.0e+00  
  124  44.398   0.0e+00  
  125  44.412   0.0e+00  
  126  45.848   0.0e+00  
  127  46.660   0.0e+00  
  128  46.224   0.0e+00  
  129  45.373   2.0e-01  
  130  45.492   0.0e+00  
  131  49.331   0.0e+00  
  132  44.580   0.0e+00  
  133  43.762   2.0e-01  
  134  45.467   0.0e+00  
  135  44.851   0.0e+00  
  136  45.750   0.0e+00  
  137  46.603   0.0e+00  
  138  44.151   0.0e+00  
  139  46.072   0.0e+00  
  140  44.410   0.0e+00  
  141  46.729   0.0e+00  
  142  45.823   0.0e+00  
  143  44.922   0.0e+00  
  144  43.862   0.0e+00  
  145  45.300   2.0e-01  
  146  47.341   0.0e+00  
  147  48.437   0.0e+00  
  148  49.559   0.0e+00  
  149  50.021   0.0e+00  
  150  44.246   0.0e+00  
  151  44.475   0.0e+00  
  152  44.227   2.0e-01  
  153  45.208   6.0e-01  
  154  45.887   0.0e+00  
  155  44.675   2.0e-01  
  156  45.061   2.0e-01  
  157  45.968   0.0e+00  
  158  45.389   0.0e+00  
  159  45.452   0.0e+00  
  160  46.206   0.0e+00  
  161  48.032   0.0e+00  
  162  47.550   2.0e-01  
  163  49.362   0.0e+00  
  164  46.676   0.0e+00  
  165  46.505   0.0e+00  
  166  46.345   0.0e+00  
  167  45.387   0.0e+00  
  168  45.000   0.0e+00  
  169  44.113   0.0e+00  
  170  44.503   0.0e+00  
  171  46.040   0.0e+00  
  172  45.882   2.0e-01  
  173  44.928   0.0e+00  
  174  44.482   0.0e+00  
  175  45.240   0.0e+00  
  176  45.735   0.0e+00  
  177  44.555   0.0e+00  
  178  46.509   0.0e+00  
  179  46.106   0.0e+00  
  180  45.402   2.0e-01  
  181  45.502   0.0e+00  
  182  45.431   0.0e+00  
  183  45.276   2.0e-01  
  184  45.406   0.0e+00  
  185  43.957   0.0e+00  
  186  45.902   2.0e-01  
  187  44.310   0.0e+00  
  188  45.325   0.0e+00  
  189  46.341   0.0e+00  
  190  45.001   0.0e+00  
  191  46.185   0.0e+00  
  192  44.319   0.0e+00  
  193  45.551   0.0e+00  
  194  47.583   0.0e+00  
  195  45.891   2.0e-01  
  196  45.288   0.0e+00  
  197  45.200   0.0e+00  
  198  45.964   0.0e+00  
  199  46.635   0.0e+00  
  200  48.658   0.0e+00  
  201  45.843   0.0e+00  
  202  45.623   0.0e+00  
  203  44.665   0.0e+00  
  204  44.413   0.0e+00  
  205  44.875   0.0e+00  
  206  45.587   0.0e+00  
  207  44.654   0.0e+00  
  208  45.468   0.0e+00  
  209  44.216   2.0e-01  
  210  45.605   0.0e+00  
  211  46.718   2.0e-01  
  212  48.810   2.0e-01  
  213  44.951   0.0e+00  
  214  44.230   0.0e+00  
  215  44.605   2.0e-01  
  216  44.222   0.0e+00  
  217  47.884   0.0e+00  
  218  46.008   0.0e+00  
  219  45.803   0.0e+00  
  220  45.240   0.0e+00  
  221  44.129   0.0e+00  
  222  46.057   0.0e+00  
  223  44.573   0.0e+00  
  224  44.799   0.0e+00  
  225  45.292   2.0e-01  
  226  44.240   0.0e+00  
  227  45.294   0.0e+00  
  228  45.014   0.0e+00  
  229  46.570   0.0e+00  
  230  44.845   0.0e+00  
  231  45.259   0.0e+00  
  232  46.347   0.0e+00  
  233  44.863   0.0e+00  
  234  45.836   0.0e+00  
  235  44.481   0.0e+00  
  236  44.896   0.0e+00  
  237  44.448   2.0e-01  
  238  44.449   0.0e+00  
  239  44.393   0.0e+00  
  240  45.341   2.0e-01  
  241  47.556   0.0e+00  
  242  44.702   0.0e+00  
  243  45.743   0.0e+00  
  244  44.838   0.0e+00  
  245  45.762   0.0e+00  
  246  45.012   2.0e-01  
  247  47.096   0.0e+00  
  248  45.977   0.0e+00  
  249  46.153   4.0e-01  
  250  48.482   0.0e+00  
  251  45.802   2.0e-01  
  252  44.130   0.0e+00  
  253  47.535   0.0e+00  
  254  45.842   0.0e+00  
  255  44.394   0.0e+00  
  256  44.255   0.0e+00  
  257  45.948   0.0e+00  
  258  44.831   0.0e+00  
  259  48.436   0.0e+00  
