Running: demo_regression_robust

gp = 

            type: 'FULL'
             lik: [1x1 struct]
              cf: {[1x1 struct]}
    infer_params: 'covariance+likelihood'
    jitterSigma2: 0

Gaussian noise model and MAP estimate for parameters
Iter    1  f(x)   92.77339  Scale 1.0e+01
Iter    2  f(x)   56.13972  Scale 5.0e+00
Iter    3  f(x)   50.07604  Scale 2.5e+00
Iter    4  f(x)   35.44062  Scale 1.2e+00
Iter    5  f(x)   33.65495  Scale 6.2e-01
Iter    6  f(x)   29.75190  Scale 3.1e-01
Iter    7  f(x)   29.75190  Scale 1.6e-01
Iter    8  f(x)   29.75190  Scale 6.2e-01
Iter    9  f(x)   29.75190  Scale 2.5e+00
Iter   10  f(x)   29.07767  Scale 1.0e+01
Iter   11  f(x)   28.46125  Scale 1.0e+01
Iter   12  f(x)   28.41554  Scale 5.0e+00
Iter   13  f(x)   28.38735  Scale 2.5e+00
Iter   14  f(x)   28.33295  Scale 1.2e+00
Iter   15  f(x)   28.29743  Scale 6.2e-01
Iter   16  f(x)   28.29650  Scale 3.1e-01
Iter   17  f(x)   28.29588  Scale 1.6e-01
Iter   18  f(x)   28.29421  Scale 7.8e-02
Iter   19  f(x)   28.29421  Scale 3.9e-02
TolX reached

S1 =

length-scale: 0.479, magnSigma2: 1.374  


Scale mixture Gaussian (~=Student-t) noise model                
using MCMC integration over the latent values and parameters    

gp = 

            type: 'FULL'
             lik: [1x1 struct]
              cf: {[1x1 struct]}
    infer_params: 'covariance+likelihood'
    jitterSigma2: 1.0000e-09

 cycle  etr      hrej     
    2  38.727   0.0e+00  
    3  6.763   0.0e+00  
    4  -6.883   0.0e+00  
    5  -10.984   0.0e+00  
    6  -21.828   0.0e+00  
    7  -34.256   0.0e+00  
    8  -33.108   0.0e+00  
    9  -33.963   0.0e+00  
   10  -31.589   0.0e+00  
   11  -28.574   0.0e+00  
   12  -42.300   0.0e+00  
   13  -47.962   0.0e+00  
   14  -43.214   0.0e+00  
   15  -37.085   0.0e+00  
   16  -43.060   0.0e+00  
   17  -44.690   1.0e+00  
   18  -46.593   0.0e+00  
   19  -48.995   0.0e+00  
   20  -37.328   1.0e+00  
   21  -40.979   1.0e+00  
   22  -44.836   0.0e+00  
   23  -42.276   1.0e+00  
   24  -42.325   1.0e+00  
   25  -50.112   0.0e+00  
   26  -51.788   0.0e+00  
   27  -55.103   1.0e+00  
   28  -52.955   1.0e+00  
   29  -49.677   0.0e+00  
   30  -44.334   0.0e+00  
   31  -54.836   0.0e+00  
   32  -50.006   0.0e+00  
   33  -47.058   0.0e+00  
   34  -46.853   0.0e+00  
   35  -48.397   0.0e+00  
   36  -57.476   0.0e+00  
   37  -50.431   0.0e+00  
   38  -54.429   0.0e+00  
   39  -53.363   0.0e+00  
   40  -62.091   0.0e+00  
   41  -66.382   0.0e+00  
   42  -61.915   0.0e+00  
   43  -49.840   0.0e+00  
   44  -64.736   0.0e+00  
   45  -51.838   0.0e+00  
   46  -50.004   0.0e+00  
   47  -59.604   1.0e+00  
   48  -56.149   1.0e+00  
   49  -57.625   0.0e+00  
   50  -55.733   0.0e+00  
   51  -58.799   0.0e+00  
   52  -47.069   0.0e+00  
   53  -61.043   1.0e+00  
   54  -52.473   0.0e+00  
   55  -61.765   1.0e+00  
   56  -59.399   0.0e+00  
   57  -59.390   0.0e+00  
   58  -56.934   0.0e+00  
   59  -53.045   0.0e+00  
   60  -58.303   0.0e+00  
   61  -52.950   1.0e+00  
   62  -59.683   0.0e+00  
   63  -55.921   0.0e+00  
   64  -61.658   0.0e+00  
   65  -61.911   0.0e+00  
   66  -56.548   0.0e+00  
   67  -60.273   0.0e+00  
   68  -55.260   0.0e+00  
   69  -61.173   1.0e+00  
   70  -58.139   0.0e+00  
   71  -61.529   0.0e+00  
   72  -48.692   0.0e+00  
   73  -55.097   0.0e+00  
   74  -47.581   0.0e+00  
   75  -44.457   0.0e+00  
   76  -42.714   0.0e+00  
   77  -41.750   0.0e+00  
   78  -54.915   0.0e+00  
   79  -52.950   1.0e+00  
   80  -48.944   1.0e+00  
   81  -39.942   0.0e+00  
   82  -26.873   1.0e+00  
   83  -28.675   0.0e+00  
   84  -31.272   1.0e+00  
   85  -29.670   1.0e+00  
   86  -54.801   0.0e+00  
   87  -45.129   0.0e+00  
   88  -44.190   0.0e+00  
   89  -36.508   0.0e+00  
   90  -42.918   0.0e+00  
   91  -52.086   1.0e+00  
   92  -55.397   0.0e+00  
   93  -43.418   0.0e+00  
   94  -42.480   0.0e+00  
   95  -47.555   0.0e+00  
   96  -57.487   0.0e+00  
   97  -55.090   0.0e+00  
   98  -56.926   0.0e+00  
   99  -56.859   0.0e+00  
  100  -61.749   0.0e+00  
  101  -62.287   0.0e+00  
  102  -57.852   0.0e+00  
  103  -46.338   1.0e+00  
  104  -55.686   0.0e+00  
  105  -56.571   0.0e+00  
  106  -55.979   0.0e+00  
  107  -54.866   0.0e+00  
  108  -57.688   0.0e+00  
  109  -60.194   0.0e+00  
  110  -51.236   0.0e+00  
  111  -57.467   0.0e+00  
  112  -56.098   0.0e+00  
  113  -62.955   0.0e+00  
  114  -55.269   0.0e+00  
  115  -59.936   0.0e+00  
  116  -46.389   0.0e+00  
  117  -50.858   0.0e+00  
  118  -47.981   0.0e+00  
  119  -65.545   0.0e+00  
  120  -61.658   0.0e+00  
  121  -53.090   0.0e+00  
  122  -45.024   0.0e+00  
  123  -49.030   0.0e+00  
  124  -47.344   0.0e+00  
  125  -59.569   0.0e+00  
  126  -57.881   1.0e+00  
  127  -51.751   0.0e+00  
  128  -47.761   0.0e+00  
  129  -51.119   0.0e+00  
  130  -51.830   0.0e+00  
  131  -47.602   0.0e+00  
  132  -46.173   0.0e+00  
  133  -55.515   0.0e+00  
  134  -49.286   0.0e+00  
  135  -50.865   0.0e+00  
  136  -46.147   0.0e+00  
  137  -49.321   0.0e+00  
  138  -55.331   1.0e+00  
  139  -50.476   0.0e+00  
  140  -56.079   0.0e+00  
  141  -48.640   0.0e+00  
  142  -56.358   0.0e+00  
  143  -55.630   0.0e+00  
  144  -46.367   0.0e+00  
  145  -58.935   0.0e+00  
  146  -50.902   0.0e+00  
  147  -46.922   0.0e+00  
  148  -47.748   0.0e+00  
  149  -48.834   0.0e+00  
  150  -51.981   0.0e+00  
  151  -46.390   0.0e+00  
  152  -55.795   0.0e+00  
  153  -52.169   0.0e+00  
  154  -57.813   0.0e+00  
  155  -61.093   0.0e+00  
  156  -64.804   0.0e+00  
  157  -68.846   0.0e+00  
  158  -52.758   0.0e+00  
  159  -66.783   0.0e+00  
  160  -57.486   0.0e+00  
  161  -47.190   0.0e+00  
  162  -55.538   0.0e+00  
  163  -51.359   0.0e+00  
  164  -57.338   0.0e+00  
  165  -63.446   0.0e+00  
  166  -49.035   0.0e+00  
  167  -60.967   0.0e+00  
  168  -57.588   0.0e+00  
  169  -58.805   0.0e+00  
  170  -57.045   0.0e+00  
  171  -60.322   0.0e+00  
  172  -52.055   1.0e+00  
  173  -53.110   1.0e+00  
  174  -50.324   0.0e+00  
  175  -53.847   0.0e+00  
  176  -51.233   0.0e+00  
  177  -59.614   0.0e+00  
  178  -53.189   0.0e+00  
  179  -51.608   0.0e+00  
  180  -54.606   0.0e+00  
  181  -54.508   0.0e+00  
  182  -50.440   0.0e+00  
  183  -57.914   0.0e+00  
  184  -56.139   0.0e+00  
  185  -66.202   0.0e+00  
  186  -57.848   0.0e+00  
  187  -52.532   0.0e+00  
  188  -50.998   0.0e+00  
  189  -48.821   0.0e+00  
  190  -50.450   0.0e+00  
  191  -52.025   0.0e+00  
  192  -50.363   0.0e+00  
  193  -48.219   0.0e+00  
  194  -51.818   0.0e+00  
  195  -57.299   0.0e+00  
  196  -58.637   0.0e+00  
  197  -46.117   0.0e+00  
  198  -47.259   0.0e+00  
  199  -45.692   0.0e+00  
  200  -53.236   0.0e+00  
  201  -55.458   0.0e+00  
  202  -54.480   1.0e+00  
  203  -49.190   0.0e+00  
  204  -51.449   0.0e+00  
  205  -47.787   0.0e+00  
  206  -59.365   0.0e+00  
  207  -55.168   0.0e+00  
  208  -51.670   0.0e+00  
  209  -52.517   0.0e+00  
  210  -47.769   0.0e+00  
  211  -52.157   0.0e+00  
  212  -45.929   0.0e+00  
  213  -47.474   0.0e+00  
  214  -53.022   0.0e+00  
  215  -45.870   0.0e+00  
  216  -53.194   0.0e+00  
  217  -56.604   0.0e+00  
  218  -54.007   0.0e+00  
  219  -56.915   0.0e+00  
  220  -46.745   0.0e+00  
  221  -43.182   0.0e+00  
  222  -50.885   0.0e+00  
  223  -44.109   0.0e+00  
  224  -50.447   0.0e+00  
  225  -56.202   0.0e+00  
  226  -62.652   0.0e+00  
  227  -61.342   0.0e+00  
  228  -71.063   0.0e+00  
  229  -67.008   0.0e+00  
  230  -60.099   0.0e+00  
  231  -47.096   0.0e+00  
  232  -54.209   0.0e+00  
  233  -63.256   0.0e+00  
  234  -61.530   0.0e+00  
  235  -58.658   0.0e+00  
  236  -56.256   0.0e+00  
  237  -45.827   0.0e+00  
  238  -48.598   0.0e+00  
  239  -58.462   0.0e+00  
  240  -53.461   0.0e+00  
  241  -48.342   0.0e+00  
  242  -52.814   0.0e+00  
  243  -51.063   0.0e+00  
  244  -47.879   0.0e+00  
