# Created by Octave 3.8.1, Tue Jun 07 13:41:17 2016 EEST <siivole1@cs-014>
# name: Eft
# type: matrix
# rows: 361
# columns: 3
 -2.006148862813466 0.418829029625638 -0.1839616720813008
 -2.202750368625751 0.7449665043226975 -0.1469533332015158
 -2.207446542084123 1.253684556661611 -0.1059240019890433
 -1.981587463309146 1.642372891594882 -0.06638206170409634
 -1.536250754310207 1.426545290044913 -0.03238967320720719
 -0.9334383728296685 0.6858319110266656 -0.005779304381244361
 -0.2665016111367356 0.1687276188422093 0.0137712812343204
 0.3719262791740488 0.07242786684998555 0.02797556319389343
 0.9183208630527787 -0.4864714061709126 0.03894023925865026
 1.348798574717143 -1.857466795207444 0.04840162410807592
 1.668859037466022 -2.872651338242736 0.05742809328505218
 1.892224473529022 -2.560481315961761 0.06650301022175405
 2.023993634721422 -1.50681009932457 0.07571421993238005
 2.057925263329651 -0.8109595379742531 0.08481843813363724
 1.986458917472903 -0.8683028111057356 0.09315455002804719
 1.813741311752731 -1.318583010201966 0.099574148061105
 1.561781483714274 -1.473070610280062 0.1025919684118784
 1.266353278864742 -0.9822060558415175 0.1008149892776186
 0.9664319674041024 -0.2259470237317049 0.09350026563840275
 -2.347738561290862 0.9062400536497607 -0.2398023544356881
 -2.635809976749232 1.092899244576337 -0.1892904741565062
 -2.728738865637829 1.271591749020578 -0.1319769751638552
 -2.572607059287685 1.240538602553348 -0.07585593568445455
 -2.165261412823015 0.6810065133105931 -0.027484800792372
 -1.563043824425108 -0.1739465130336299 0.009405401769935992
 -0.8639036524966793 -0.5907490940037902 0.03424956841759398
 -0.1732113645987912 -0.530412143484272 0.04897308710011834
 0.4308079353330898 -0.9460529612673965 0.05674665275531499
 0.9145820753256433 -2.130291037305774 0.0607568187955897
 1.282920612998397 -2.914918586510532 0.06341025558655201
 1.55690248836389 -2.433402511921825 0.06606184282000331
 1.752084181661921 -1.333911411100935 0.06909121935410693
 1.869772913977105 -0.6595312016982325 0.07209210170222698
 1.90290336639931 -0.797520001781592 0.07406068575578773
 1.848192734724136 -1.475553710918011 0.07362620689407735
 1.714375494799831 -1.928664047615563 0.0694130800802213
 1.521867513316646 -1.568085611770599 0.06052726557774434
 1.296281835003024 -0.7011763864868676 0.04701143881075467
 -2.544193777678876 1.808657979868149 -0.3197580432658723
 -2.915051233508631 1.741711434204583 -0.2594551730193418
 -3.103972997771069 1.363834747814602 -0.1889148160578148
 -3.041372060086726 0.7266612176607665 -0.1185397857622232
 -2.707082756674235 -0.1853160890232641 -0.05744486371029742
 -2.14425440738384 -1.019364187393676 -0.01140572694147688
 -1.448014169801427 -1.243710968388162 0.01797740687434678
 -0.7318413781790833 -1.038954776612472 0.03276499312611676
 -0.08795740394723837 -1.247732280419988 0.03721576417095915
 0.4380385336434535 -2.004182855944 0.03606683253939829
 0.847065994966142 -2.334946641317421 0.03317594064190363
 1.16558996184341 -1.68845180040393 0.03082574711075107
 1.419731857140726 -0.717523104732266 0.02964772556473191
 1.619902348727609 -0.2033548573272991 0.02894291706216896
 1.761100355968379 -0.4283314579292973 0.02719038787673558
 1.832963620977033 -1.301142125399946 0.02263534234460157
 1.829711195007093 -2.129246439280958 0.01390458184374891
 1.754075421972133 -2.100146371276135 0.00055954646079142
 1.615822485158883 -1.311519989470188 -0.01657187822008177
 -2.531928610430535 2.862878415220453 -0.4237910417593402
 -2.958821186330764 2.566272476662561 -0.3595341919319797
 -3.233768333641776 1.69253904968377 -0.2811085392884274
 -3.27332041887214 0.5777469544373529 -0.2009535893362516
 -3.036272495462161 -0.5131820639391509 -0.1305192956563243
 -2.545665072767686 -1.203503081738746 -0.07756235388141906
 -1.885625579342143 -1.251047773162824 -0.04477314293544556
 -1.171428836296512 -1.02094019362465 -0.03006515728053134
 -0.5069595329954033 -1.133559347979519 -0.02819739348970494
 0.04835619403151326 -1.51452792317377 -0.03295908289738615
 0.4872860419271359 -1.416136291067777 -0.03909962389267468
 0.8373734485925171 -0.6425491931814706 -0.04347846647197967
 1.13282883837279 0.1163062278762435 -0.04532044249515245
 1.393135253540103 0.320258821068255 -0.04576896910779234
 1.617235877586181 -0.1421216089658712 -0.04704004425462307
 1.790453264734801 -1.22649544637908 -0.05144858543676063
 1.895251101973987 -2.289772786783132 -0.06051759102538323
 1.918930470562505 -2.426173786204131 -0.07435189797705148
 1.856928545578166 -1.648227149860778 -0.0914367418399602
 -2.288933093203492 3.382022926811857 -0.5461579297784731
 -2.731766522683512 2.983683967041125 -0.4849719707661834
 -3.066297998504315 1.946922145038318 -0.4054621079969893
 -3.199196392676508 0.7626077719372071 -0.3214636285623991
 -3.067921923664906 -0.1722515579185551 -0.2462563361063848
 -2.67075973566884 -0.5613050872395979 -0.1892885837560311
 -2.073602433264087 -0.4625993664109296 -0.1542843347024597
 -1.386628677589926 -0.3514948394047397 -0.1392648256928244
 -0.7215900961372774 -0.5659995199212479 -0.1382548935142538
 -0.1523022903771149 -0.8029390299491215 -0.143855591928484
 0.3016777987685486 -0.4949720593269815 -0.1496925972088424
 0.6634280048257325 0.2627977059928345 -0.1519968723476768
 0.9708779957118594 0.7432301102517629 -0.1500384848560941
 1.251127294829487 0.5677218836259769 -0.1455628059635359
 1.508968663020972 -0.2016091430661331 -0.1416168929143625
 1.730022479025738 -1.408632342342911 -0.1411991520253675
 1.89107721917705 -2.382406824705828 -0.1461023479714182
 1.970170536471362 -2.294670556425704 -0.1562230716690301
 1.953398035473024 -1.322488285145419 -0.1694944256976989
 -1.850691361747621 3.01876586153012 -0.6754579551891065
 -2.266153915894573 2.576943831223276 -0.6242810774874579
 -2.6242218685742 1.638726572506823 -0.5507592626024587
 -2.827174112889558 0.7545324980276168 -0.4692903845554767
 -2.793986862992362 0.3536782823869056 -0.3942456824714837
 -2.497185264210449 0.5335838791622899 -0.3362704186755645
 -1.979929872003107 0.8633248883513129 -0.2999510572383313
 -1.341314772731795 0.7826032657168307 -0.2835619346100109
 -0.6962429085870514 0.2984041494641747 -0.2807740321014098
 -0.1316098431412451 -0.01184849341848358 -0.2834951685362587
 0.3182025749472165 0.2721407730816009 -0.2847185916862016
 0.6669715363768299 0.824529434800963 -0.2804485326400685
 0.9516901526546625 0.9798255352719513 -0.2702716475677638
 1.204899100304634 0.5577810070040587 -0.2566774181050693
 1.438705734369006 -0.2870093683065017 -0.2435886084054265
 1.643927251781462 -1.39092176604541 -0.2346822144351636
 1.798785790073217 -2.124848204068477 -0.2320162801051769
 1.879671963022726 -1.769760317259977 -0.2353133684645603
 1.869741756008146 -0.6490929349205357 -0.2420427181924068
 -1.3051728389578 2.395295015990043 -0.7964544785285922
 -1.658726660972707 1.832504653872345 -0.7608676057051253
 -2.004766184278741 0.8698572226544451 -0.6994425428449798
 -2.24705520455927 0.2462714560055649 -0.6262256319991863
 -2.291719669796425 0.5071849694424327 -0.555798150934661
 -2.08870746568015 1.449685413307293 -0.4993560763806324
 -1.657904130386725 2.137043229026896 -0.4620766634515371
 -1.083549424500239 1.896821203971507 -0.4426256143282259
 -0.4787996869170072 1.122531615282574 -0.4347962700003551
 0.05986365713888971 0.718841474400758 -0.4304694207521961
 0.4837904857898636 0.9812869386875732 -0.4226895370338354
 0.7953163170574131 1.348951706316224 -0.4077885621027203
 1.02735483746524 1.263289619186441 -0.3860079430707823
 1.215818289013239 0.8032178298805526 -0.360686698052872
 1.380520753805072 0.1353332043102969 -0.3365406327350861
 1.520564450145165 -0.7906106510749327 -0.3177379797102738
 1.620646623334468 -1.529968182304513 -0.3064038148606931
 1.66125426540217 -1.343087753720905 -0.301954213583094
 1.627705988796096 -0.3901250343790209 -0.3013670601419988
 -0.7652900247340237 2.376172892767109 -0.893306234381022
 -1.04015762695417 1.653282789096896 -0.8766129109503603
 -1.348365838576038 0.3987050746179758 -0.8314805334662977
 -1.600208176226377 -0.2743137551435753 -0.7707312084700041
 -1.696278243618618 0.3786444111676104 -0.7082437379299705
 -1.57071939930967 1.836910566757429 -0.6550440430231314
 -1.22363840191599 2.727854151717107 -0.6165549138289373
 -0.7234733587380443 2.341625996005277 -0.5919411893901761
 -0.1772178481865679 1.409809492625772 -0.5756294085819186
 0.3145284688076914 1.103042291331807 -0.5602320713321753
 0.6929679821210994 1.5922272774783 -0.5396454312891708
 0.9506088447285588 2.038557752924939 -0.5111786481146539
 1.115731809372406 1.891182151444752 -0.4760984123536802
 1.226095202186148 1.457366765907391 -0.4386470021775245
 1.307888204346577 0.9616660153862306 -0.4041193567759554
 1.367992651698991 0.1387405395236428 -0.3768027757336538
 1.398019770635176 -0.806196119576184 -0.3584897127400462
 1.38378329050438 -1.073246397828511 -0.3479753278439325
 1.314503001260852 -0.4909373748410007 -0.3415821923691139
 -0.3293165268566967 2.80024709136749 -0.9532506657237975
 -0.5287195343865602 2.002746792903982 -0.956132637240818
 -0.78781629056408 0.5078697851888705 -0.9291395850785544
 -1.026756878433508 -0.2619697163918831 -0.8831465743560475
 -1.148096862524301 0.4463351948791989 -0.8304974358594379
 -1.078931330824685 1.838580201198773 -0.7813366870337165
 -0.8059913162843729 2.472017937253332 -0.7409472232149704
 -0.3834614655707125 1.842392595706886 -0.7090435883734695
 0.09134665636042788 0.8994497098568496 -0.681151636288209
 0.5203729518370586 0.8731989056360268 -0.6513563164635223
 0.8416325816314585 1.760146888740669 -0.6152096711012665
 1.042740393470102 2.443240790933929 -0.571652743518579
 1.149185015178648 2.297165092252714 -0.5233316929551661
 1.199416455356732 1.813687466600924 -0.4753928045792365
 1.222595024695522 1.414030022433427 -0.4334049861363493
 1.228713951021608 0.814015478774752 -0.40128441110724
 1.211458230348542 -0.005823497816079632 -0.379965212000436
 1.158088875375386 -0.3876953999140802 -0.3671920267100678
 1.059749725072861 -0.04630942356528373 -0.3583777864590229
 -0.04764287417516293 2.726705716717972 -0.9695314240194012
 -0.1897474488766839 1.999132674494772 -0.9903069969571129
 -0.4017560636050236 0.671723017817859 -0.9810734955371099
 -0.6149718649425169 0.1153433628857981 -0.9502617316538026
 -0.7401585697761585 0.7721846139285463 -0.9080180621537572
 -0.7060753536672933 1.697511209284984 -0.8629784308651689
 -0.4935356035850478 1.764067252305968 -0.8198922318761278
 -0.1455294558047157 0.8619074684998146 -0.7789902317165828
 0.2527450599158028 0.01396052494072502 -0.7372346046988368
 0.6124022590211825 0.2761901270016465 -0.6907824114513341
 0.8763069414248872 1.412012606177084 -0.6375180688731331
 1.033678161713947 2.139240928513273 -0.5785696140217589
 1.110156504619204 1.852140764344019 -0.5182495747309832
 1.143565394653001 1.232196013695305 -0.462572473648932
 1.160900580538663 0.9327540745376854 -0.4170661853581249
 1.167595548440754 0.7713511274871373 -0.3847962831724251
 1.151021149897988 0.5627065747282177 -0.3653354401627157
 1.092782508391722 0.6374602575582107 -0.3549715254011775
 0.9818151704630831 1.06354942557079 -0.3479666611539525
 0.08785105420495387 1.88851169736353 -0.9426035952342361
 -0.02069693561249409 1.453366907590678 -0.9779240106511848
 -0.1952240128091961 0.7294695172609434 -0.9843927452083462
 -0.377697560680375 0.6033710805667215 -0.967758864909789
 -0.4911929044194008 1.126024309272678 -0.9355343843667969
 -0.4731324781895097 1.495361239099861 -0.8943571456496783
 -0.305196455802312 1.094999435619597 -0.8480667286207222
 -0.02271866929483443 0.1393194566566885 -0.7972714095003189
 0.3024163162646155 -0.4896260486868024 -0.7405056987437817
 0.595766341103706 -0.101539745779991 -0.6763480719847083
 0.8120287630833511 0.8775654947562538 -0.6054453572328453
 0.9478538634192015 1.286297371978052 -0.5314730585840118
 1.031491658529218 0.7438392168270604 -0.4605888292970116
 1.098323428052413 0.03178109766114678 -0.3996341552596611
 1.16754534829393 -0.1846383687743645 -0.3538736541857489
 1.232041574106251 -0.0439855953878374 -0.325209797724287
 1.264508842453984 0.2756361662183238 -0.311552464698225
 1.23415450853178 0.9311873719808512 -0.3075171434897142
 1.124082226539969 1.702855675772445 -0.3061122867803566
 0.1273517087101573 0.9364532808114283 -0.8792988511218657
 0.03194266110806331 1.006263452395103 -0.9250092764097607
 -0.1155101396186555 1.042507302070559 -0.9441789737844759
 -0.2659296788399425 1.233601782460878 -0.9398917369610587
 -0.3565017184847553 1.416854262676764 -0.9168318850150019
 -0.3378551637192059 1.252895334863332 -0.8793149738113805
 -0.1977490320685537 0.6736683657129383 -0.8299303712322739
 0.03264957447148109 0.001440287290270952 -0.7694126224882183
 0.2944961394890867 -0.3022935293514631 -0.6977627197305505
 0.5305932762269548 -0.07471949043319356 -0.6160107096933684
 0.7117164457985483 0.2729855680691619 -0.5276709739581473
 0.8454178012134925 0.1502187254860889 -0.4390700060968161
 0.9635437790348917 -0.4365231958301427 -0.3582593714219091
 1.097038254594297 -0.9139311918768712 -0.2928944832868861
 1.253050843759253 -1.022111471333522 -0.2479370639437156
 1.406855143138091 -0.9839395853451477 -0.2241122747160162
 1.512063005116949 -0.7228216789131362 -0.2177151901362538
 1.522724981034433 0.1203229222348655 -0.221798955740574
 1.415376271698838 1.229726864893529 -0.2282520825255716
 0.1298919022749823 0.2574829920983774 -0.7904009940682882
 0.03509741091511644 0.790480388121091 -0.842301433332159
 -0.09200810488739576 1.439151421949493 -0.8709019365325285
 -0.208971183564092 1.784950240237206 -0.8768549909950156
 -0.2670399959665864 1.575677813567064 -0.8620528853425877
 -0.2323837765272717 0.9883409910155354 -0.8283353283009209
 -0.102569390202531 0.4623282100774735 -0.7767530910187729
 0.09186905973242177 0.3218915001797889 -0.7078182285918256
 0.3031056543189106 0.4322492789783756 -0.6226548023530587
 0.4909896506452522 0.3029533537887255 -0.5244460709060166
 0.6432121412439205 -0.2870778294739916 -0.4193361954896501
 0.7788408581352768 -0.9939007841675652 -0.316133338523665
 0.9328967716478713 -1.328017471299954 -0.2246997536771046
 1.130633456873629 -1.190619846504197 -0.1535392973127929
 1.366118069631136 -1.026379811498142 -0.1074944999255043
 1.597318523777099 -1.238782344962845 -0.086452212460292
 1.760805245653311 -1.405622323154513 -0.08554738299615994
 1.798638060518929 -0.7877072571724864 -0.09675450371977945
 1.683818197181688 0.3893414892847554 -0.111242988198343
 0.1322618952949927 -0.4268589801967749 -0.6876229817190312
 0.03276149525523754 0.2854649495215599 -0.7419684649577779
 -0.07635767121940036 1.324045635114478 -0.7769210837775399
 -0.156762423740531 1.863674948393373 -0.7910983742960475
 -0.1726094801546752 1.484166681838322 -0.7838289837011043
 -0.1065307718913652 0.6690383101819898 -0.7544848743679997
 0.03122686539038771 0.2927335156862537 -0.7023613823626101
 0.2068573938168213 0.7577365677364818 -0.6273438451226685
 0.3797607582039417 1.416936511703757 -0.5311525144507345
 0.523857635166969 1.112853489579286 -0.4185517455981868
 0.6416121842296447 -0.2974937697269284 -0.2977807536956364
 0.7620030483897202 -1.639958291984323 -0.1797178800017192
 0.9222402398793035 -1.913508487428355 -0.07583226155072742
 1.142332050259133 -1.318480760225836 0.004451696908127412
 1.406286540612893 -0.8298270349369602 0.05603523916306452
 1.660909537691847 -1.052087919186175 0.07922827062912052
 1.834139786578945 -1.455038048476812 0.0792575648513052
 1.864494124457811 -1.133307535736218 0.06443443232219437
 1.727248600480904 -0.1662137732698643 0.04369373701600976
 0.1362139585825332 -1.142547491228179 -0.5810619961873674
 0.03003899765581232 -0.4762660170925085 -0.6347792890225896
 -0.06133015380716231 0.7724678991603239 -0.6734085714596184
 -0.1013132049633769 1.53259405987452 -0.694028549760721
 -0.06537614697691815 1.154284215141642 -0.6937784634166256
 0.04716377007922015 0.2277702549508667 -0.6697173847814069
 0.2109234461147363 -0.06701780153511092 -0.6192660061365163
 0.384581357279191 0.809925698540321 -0.5412894180523053
 0.5297354646054975 1.98353403341167 -0.4374893127288542
 0.6295623872632681 1.878886847767373 -0.3134723726127673
 0.6973454033807549 0.1900770126667799 -0.1788382242313952
 0.7693367960826114 -1.676630748670507 -0.04594725397770638
 0.8842988537157082 -2.411473135080404 0.07243255671143234
 1.059407478849374 -2.032083728790576 0.1658897212837849
 1.274976984581253 -1.432556537686703 0.2286045587638925
 1.476802814053332 -1.327174813582013 0.2602886153031891
 1.596284116685979 -1.520768257326856 0.2655594667474217
 1.579231485207765 -1.348326404897159 0.2520741313224459
 1.409491032838007 -0.7107649629745449 0.228164355929491
 0.1181822694235078 -1.376694888603533 -0.4778441258104913
 0.003092452065912877 -0.75671841883924 -0.5285479138348284
 -0.07153706781843952 0.5052802795499018 -0.5686096559078484
 -0.06891005499172237 1.254003739504271 -0.5941031540213575
 0.02587537711398977 0.7773427895083203 -0.600449178204337
 0.1971061289996889 -0.269740124049295 -0.5826789965676495
 0.4024552422410099 -0.6249045117144729 -0.5363465495008768
 0.5892420651416616 0.2580592406001592 -0.4589918491218355
 0.7161563873692238 1.544017412212513 -0.3517120059457698
 0.77035164706616 1.729205300983959 -0.2201848019365473
 0.77151350364091 0.3571769361549529 -0.07455922588630592
 0.7605238084067905 -1.544686317372857 0.07200437173204999
 0.7777425345334814 -2.807352578626566 0.2058351595419901
 0.841129004798459 -3.015629821152213 0.3155383692158602
 0.9348724322157018 -2.444378669584875 0.3941636692241706
 1.014497231753028 -1.783789242557436 0.4400795325875602
 1.026534643912802 -1.514393830428409 0.4563792073866471
 0.9335326416788376 -1.475358726585826 0.4491874280292847
 0.7322830062098618 -1.285221300284881 0.4255829216106717
 0.05249615265216011 -0.9667065908269675 -0.3820736962881516
 -0.07499127422725167 -0.2823038322002371 -0.4280011665627184
 -0.1361615150587965 0.8430558156564301 -0.46763113214816
 -0.09271960201864128 1.319371464506246 -0.4965482868000112
 0.06228125099403573 0.61291595018179 -0.5089753947555237
 0.2978703412523353 -0.5347198929960651 -0.4983120731307982
 0.5544568993017454 -0.9950291509185241 -0.4584037956531594
 0.7658147022532911 -0.4092729506620927 -0.3853198012925234
 0.8839959794306116 0.536295607939098 -0.2791052773266406
 0.8957697151958302 0.7939237623867159 -0.1448353489512454
 0.8233907254031205 -0.003513867283003694 0.007557251584963787
 0.7101766616679734 -1.377733408778107 0.1648053192033574
 0.5984111851566212 -2.634913677779664 0.312801446187801
 0.510153564336143 -3.108569973019508 0.4393037969755293
 0.4395690456542933 -2.457294775226869 0.5360157713732439
 0.3596802100892464 -1.299500887571376 0.5994632842549681
 0.2396464592866216 -0.7339136643848123 0.6305702545604412
 0.06378742934578874 -1.004017766043155 0.6333048058142583
 -0.1571389516108272 -1.383206464447154 0.6130317822645628
 -0.0673526089497123 -0.3766939159091427 -0.295675905052939
 -0.2101300141653715 0.4154833296815679 -0.3356287852161295
 -0.2627999013521987 1.394454362491855 -0.373297633558945
 -0.1852375022096298 1.604171215847941 -0.404229544581054
 0.02328458777564998 0.7567828163750857 -0.4219752665763055
 0.319007184336323 -0.3628744778502696 -0.41878377766653
 0.6271301024415901 -0.8545042910582239 -0.3871056318963316
 0.8684961701354552 -0.591592178437487 -0.3215951496001581
 0.9873365290346698 -0.1157365512851864 -0.2210135702844742
 0.9675397814886604 0.01573992387826362 -0.08935435728531793
 0.8311958736962337 -0.3283092358137177 0.06428973423783857
 0.6222406611559457 -0.996468066115659 0.2271775330584429
 0.3847236556859635 -1.741955590423786 0.385276512717921
 0.146357269518024 -2.01367801794074 0.5257986690609409
 -0.08610035178928221 -1.31873545046205 0.6391666359403692
 -0.3195510097504144 -0.1869176951910676 0.719934522548618
 -0.5608083413957612 0.2072163973619139 0.7666182622590556
 -0.8042693167423085 -0.3865927626927226 0.7807767478768732
 -1.027537505369297 -1.087532649339457 0.7658653741251507
 -0.2213668062065713 -0.02092854452909284 -0.2194873001390174
 -0.3788878938899713 0.7773018577836019 -0.2528093150024132
 -0.427792488251957 1.619957958878587 -0.2873191027763289
 -0.3268540524557659 1.72193537189231 -0.3188801274466233
 -0.0797452617300646 0.9581478304127619 -0.3408622959378955
 0.2609432559393627 0.03401691929410706 -0.3448927602443328
 0.6099043777015436 -0.3911018351322545 -0.3224733943788302
 0.8788164116130985 -0.329088756144356 -0.2671013812702118
 1.00580496032388 -0.1877511586863782 -0.176263249981494
 0.9714948959078238 -0.2141110851878565 -0.05263345874178216
 0.7962006346422337 -0.3545010050506663 0.09595996333859635
 0.522760971411258 -0.5258526127102254 0.2578210445881479
 0.1958029527503324 -0.7122100519375799 0.4195110559662658
 -0.1521812149605744 -0.7081522755387183 0.5681461185086643
 -0.5032292180539297 -0.286710969217312 0.6932210007584665
 -0.8468944321311067 0.19586659748449 0.7875793170403877
 -1.17021642270965 0.1002170401736091 0.8475202906110373
 -1.451372637522864 -0.5131484486651781 0.8723299617091387
 -1.660819805936425 -0.971961638561591 0.863630284480112


# name: pyt2
# type: matrix
# rows: 361
# columns: 3
 0.05409103532871957 0.6113357755192655 0.3345731891520148
 0.03587386696464456 0.6838413618903604 0.2802847711449951
 0.02437146139893502 0.7763037947983592 0.1993247438027057
 0.02208770123720252 0.8279736278185531 0.1499386709442443
 0.04023977768064307 0.7787203887459079 0.1810398335734489
 0.1165774627395264 0.588646746303891 0.2947757909565825
 0.2584775342101411 0.3994297927129787 0.3420926730768801
 0.4081376497616105 0.3025075034776377 0.2893548467607517
 0.6022435028047854 0.1478014152650943 0.2499550819301201
 0.7616545069422211 0.03085280530661075 0.2074926877511681
 0.826269357962396 0.008805798666742779 0.1649248433708611
 0.8526978285821848 0.009931380084643242 0.137370791333172
 0.8533876232144103 0.02498836043098179 0.1216240163546079
 0.8362697181998656 0.04746850265887183 0.1162617791412625
 0.8277166053098337 0.04765126145524821 0.124632133234918
 0.8171737466800082 0.03564209611874748 0.1471841572012443
 0.7809410713613654 0.03754903204805599 0.1815098965905787
 0.7055639453006597 0.07447310628506174 0.2199629484142786
 0.5809820775420188 0.1763271220033807 0.2426908004546005
 0.02847024506281864 0.7371844438832909 0.2343453110538906
 0.01845923430049033 0.768371984492222 0.2131687812072877
 0.01448510895942565 0.7911216653998996 0.1943932256406747
 0.01711283557679811 0.7750863653476014 0.2078007990756005
 0.03744765209323948 0.6449752472429912 0.3175771006637694
 0.1017328903844925 0.408073770498542 0.4901933391169655
 0.2096801660772263 0.2755414055171828 0.5147784284055911
 0.3391631277840655 0.2372893815882229 0.4235474906277116
 0.5153830828519486 0.1300669837983139 0.3545499333497376
 0.6787090303852206 0.03230814599452209 0.2889828236202573
 0.7631241477260017 0.01146824060705087 0.2254076116669476
 0.8040670682374145 0.01487047470478511 0.1810624570578004
 0.8120168570436122 0.03709660689552827 0.1508865360608596
 0.8029567015745944 0.06400727034119741 0.1330360280842082
 0.8144805579282928 0.05471441426587679 0.1308050278058304
 0.8294800031124367 0.0298759125842947 0.1406440843032686
 0.8202150278698276 0.02146721725367509 0.1583177548764972
 0.7828221782134813 0.03562160878066584 0.1815562130058528
 0.7030402731556255 0.09538830255807831 0.2015714242862963
 0.01137035638395846 0.88347359902378 0.1051560445922616
 0.00829681878844326 0.8736106803095538 0.1180925009020029
 0.009379515905699765 0.8175694866108434 0.173050997483457
 0.01590110579516208 0.6884357062263053 0.2956631879785326
 0.03623255676731395 0.4511161027986345 0.5126513404340516
 0.0798801735098715 0.2460212466421905 0.6740985798479381
 0.1524737380913074 0.1870349641410979 0.6604912977675947
 0.2574853687892411 0.1893977876444263 0.5531168435663326
 0.4086801277034234 0.128144417512655 0.4631754547839215
 0.5694867434967634 0.04952680883471647 0.3809864476685202
 0.673567160958589 0.0279544129352723 0.2984784261061387
 0.7251058911838574 0.04177407528994431 0.2331200335261982
 0.7315114482005365 0.08630244324658473 0.1821861085528788
 0.7324778957279446 0.1182943438473868 0.1492277604246685
 0.7760523028834162 0.08690261332788532 0.1370450837886986
 0.8284049503572837 0.03606765062159616 0.1355273990211202
 0.8461743037255367 0.01614754033560671 0.1376781559388566
 0.8372726061606737 0.01774187950479378 0.1449855143345326
 0.8006404229457539 0.04286559237002274 0.1564939846842235
 0.004357440261064911 0.9597682168388638 0.03587434290007124
 0.003768408965760976 0.9455308826901169 0.05070070834412228
 0.006328060126016122 0.8724463090944242 0.1212256307795597
 0.01436034742720898 0.6755574019245327 0.3100822506482582
 0.0314999600426645 0.3927120746436598 0.5757879653136758
 0.06014188630521291 0.2301815932635432 0.709676520431244
 0.1088360321019079 0.205289312187016 0.685874655711076
 0.1889131666386715 0.2195930622316637 0.5914937711296647
 0.3176134818678839 0.1697344849234162 0.5126520332087
 0.4691677326944962 0.09830513131113008 0.4325271359943737
 0.5747807405045972 0.08567544949154601 0.3395438100038567
 0.6089818732625822 0.1386379502682145 0.2523801764692032
 0.5989103411711876 0.2167163369838604 0.184373321844952
 0.6332276795019708 0.2165786169373222 0.150193703560707
 0.7344931221706604 0.1264469869778475 0.1390598908514921
 0.8281806565209383 0.0405397349768126 0.131279608502249
 0.8645451860067797 0.01315997048839316 0.1222948435048271
 0.8701572025867899 0.01128607461922241 0.1185567227939877
 0.8528428712187707 0.02562118703718361 0.1215359417440458
 0.003366718587531528 0.9773986240940205 0.01923465731844802
 0.003184933707814011 0.9666939631595152 0.03012110313267076
 0.006035131471307902 0.9076127334956586 0.08635213503303349
 0.01402013629221524 0.736786945863495 0.2491929178442897
 0.0278548076677787 0.5040502393888359 0.4680949529433855
 0.04716405134433994 0.3888083803597447 0.5640275682959154
 0.07797793402496686 0.3905003854722143 0.5315216805028188
 0.1370494371717748 0.3858603645662219 0.4770901982620033
 0.2525027484586331 0.2950110194933424 0.4524862320480245
 0.3952263068245558 0.206194890088127 0.3985788030873172
 0.4790208619076832 0.2159602345456607 0.3050189035466561
 0.4734066249487571 0.317133998431945 0.2094593766192979
 0.471167929574745 0.3752403235054715 0.1535917469197833
 0.5706755357937439 0.2881310462665929 0.1411934179396631
 0.728491929765086 0.1316831609740629 0.1398249092608512
 0.8352289168917407 0.03619970674657533 0.1285713763616839
 0.8738744667362406 0.01217582819299243 0.113949705070767
 0.882362744471018 0.01240081446939686 0.1052364410595849
 0.8639545392064584 0.03264311074173286 0.1034023500518088
 0.007435546834235833 0.9684814691804489 0.02408298398531538
 0.00751729564794015 0.9536571250255351 0.03882557932652472
 0.01250447318955377 0.8880560643590648 0.0994394624513814
 0.02105113490262206 0.7564686444644541 0.2224802206329239
 0.02832703460450352 0.6594998735432982 0.3121730918521984
 0.03290314457825542 0.6815280274861171 0.2855688279356276
 0.04248628677860938 0.7295559928947045 0.2279577203266862
 0.08167442127560792 0.6831120557794879 0.2352135229449043
 0.1916130632982692 0.5180776328088607 0.2903093038928701
 0.3348609021562751 0.3774645201359476 0.2876745777077773
 0.3996493084065574 0.3816582717666566 0.2186924198267861
 0.3908710332346509 0.4575726023225775 0.1515563644427717
 0.4304432776718998 0.4427259424857725 0.1268307798423278
 0.5696633077616257 0.2982486113176884 0.1320880809206861
 0.7331418365489943 0.1305327407048616 0.1363254227461441
 0.8327196488704138 0.040038761072154 0.1272415900574321
 0.8688102241387553 0.01717561633551842 0.1140141595257263
 0.8721125841416616 0.02268006274854597 0.1052073531097924
 0.8322408542056235 0.06703984849332301 0.1007192973010534
 0.02318604524644156 0.9382518921090154 0.03856206264454298
 0.02756287519694071 0.9047883785926861 0.06764874621037321
 0.04462765010722275 0.7907461800859109 0.1646261698068664
 0.05506986787739367 0.666426172579599 0.2785039595430073
 0.0432885477786191 0.7110855554964175 0.2456258967249634
 0.02480642276752444 0.8536279824927686 0.1215655947397069
 0.02049928568879781 0.911724080057401 0.06777663425380122
 0.04426081411722172 0.8717218179481063 0.08401736793467193
 0.1427629860971742 0.7080517027471913 0.1491853111556344
 0.2820685091817703 0.5451864242709978 0.1727450665472318
 0.3280256187366324 0.5394705330115189 0.1325038482518488
 0.328966194688533 0.5722582543111866 0.09877555100028043
 0.3984991887894284 0.5045365293904502 0.09696428182012139
 0.5351534429725419 0.3542323507712481 0.11061420625621
 0.6814402745359704 0.1961777350012099 0.1223819904628195
 0.7947660289966435 0.0787968220684246 0.1264371489349319
 0.8414655769089802 0.03603642744512078 0.1224979956458991
 0.8403512717278412 0.04165735592773852 0.1179913723444202
 0.7823340765957911 0.1040062334189463 0.1136596899852626
 0.03997197203420159 0.9248591233805801 0.03516890458521844
 0.05896183196579289 0.8716001148001565 0.0694380532340505
 0.1188415081969573 0.6818854314772372 0.1992730603258055
 0.1416897927886334 0.533540259689582 0.3247699475217846
 0.0858377901723883 0.6836061920569895 0.2305560177706223
 0.02968058211208358 0.8961636103251666 0.07415580756274991
 0.01823220117543725 0.9483104046345476 0.03345739419001519
 0.04241391806690394 0.9092098443557775 0.04837623757731867
 0.1524255697177842 0.7452380893111349 0.1023363409710811
 0.276465635500294 0.6082587407333547 0.1152756237663514
 0.2667156257047416 0.6555288496449483 0.07775552465031023
 0.2380951621139449 0.706709254347201 0.05519558353885418
 0.296285535182237 0.6434047370535231 0.06030972776423987
 0.4082564386291293 0.5144853428566571 0.07725821851421351
 0.529700755499063 0.3746866384612419 0.0956126060396951
 0.6815740628845985 0.1993680889443039 0.1190578481710976
 0.7794332833270861 0.08600033620124702 0.1345663804716669
 0.7919775807314423 0.06786384346631166 0.140158575802246
 0.7378511853062579 0.1213042414849931 0.140844573208749
 0.04098388844041177 0.9370556225247743 0.02196048903481406
 0.07030311269508989 0.8838456138680113 0.04585127343689895
 0.1811033086888293 0.6616612449770781 0.1572354463340925
 0.2323975593971815 0.4993147633830395 0.268287677219779
 0.136998374271036 0.6747897200770063 0.1882119056519578
 0.04798045183096795 0.8874083127715695 0.06461123539746255
 0.03497711089812776 0.9276951036997019 0.03732778540217032
 0.09104569174769707 0.8432095881755635 0.06574472007673944
 0.2698687029218286 0.6054903397797842 0.1246409572983874
 0.3659097761172385 0.5207201427845242 0.1133700810982372
 0.267484391395147 0.6701995620344656 0.06231604657038733
 0.1902500251282261 0.7718880497913058 0.03786192508046817
 0.2304363066571583 0.7262937697137272 0.04326992362911455
 0.329418456089021 0.6088670023001398 0.06171454161083922
 0.4163392902631188 0.504181099114999 0.07947961062188215
 0.5386568961920782 0.3558041146773608 0.1055389891305609
 0.6668136695769414 0.1973993674855903 0.1357869629374683
 0.6989563157911576 0.1489787934086677 0.1520648908001746
 0.6357168696870737 0.2103334528577573 0.1539496774551689
 0.05738568114934724 0.9197881812573522 0.02282613759330059
 0.09639213871255163 0.8603203096948959 0.04328755159255265
 0.2229246492330093 0.6521749798782952 0.1249003708886957
 0.2637919953222107 0.5475622336041651 0.1886457710736243
 0.1566704934557074 0.7108688937012837 0.1324606128430089
 0.07741394335876868 0.8564136317373671 0.0661724249038642
 0.08863918285700888 0.8474034082361889 0.06395740890680239
 0.2342290836047118 0.6414534072841103 0.124317509111178
 0.4631411847782849 0.3647628467035144 0.1720959685182007
 0.5034899970306002 0.3597292672349005 0.1367807357344994
 0.3414460735443534 0.5834130468962566 0.07514087955938997
 0.2369464493596901 0.7157972312928864 0.04725631934742341
 0.3033667051614751 0.6370999696801456 0.05953332515837929
 0.4360456116316931 0.4764569967004004 0.08749739166790634
 0.4994002324961838 0.397526396188626 0.1030733713151903
 0.5306213240247473 0.3570244291589021 0.1123542468163506
 0.5634524839543112 0.3128639500571994 0.1236835659884893
 0.5349478010589415 0.339287192141118 0.1257650067999407
 0.4255858172411977 0.4618318521409023 0.1125823306178999
 0.1349438407971619 0.8169021669155212 0.04815399228731689
 0.1738857719752861 0.7593497264529548 0.06676450157175906
 0.2515522205482196 0.6341871717394433 0.1142606077123372
 0.2368771023969568 0.631823506070311 0.1312993915327321
 0.1496939969421809 0.75431526482353 0.09599073823428915
 0.1134285033074152 0.8121348752693709 0.07443662142321376
 0.1773970465766272 0.719521431667867 0.1030815217555057
 0.3792454219655199 0.4459566155884533 0.1747979624460269
 0.5539116031490423 0.2508769921674807 0.195211404683477
 0.5623780384751553 0.2800220088727932 0.1575999526520514
 0.4328896977379022 0.4622101637733348 0.104900138488763
 0.3801481380282869 0.5332575534745294 0.08659430849718376
 0.5063479625586585 0.3797722246879828 0.1138798127533584
 0.6378434031030072 0.2195435181314072 0.1426130787655855
 0.6770129935047521 0.175126181007025 0.1478608254882229
 0.6712046615817242 0.1873628162163935 0.1414325222018822
 0.6333989552263615 0.2356217602247728 0.1309792845488657
 0.5121254929017915 0.3782678572677503 0.1096066498304583
 0.3307850223201977 0.590070566633486 0.07914441104631641
 0.2769062718256136 0.6219008358705461 0.1011928923038402
 0.2479280114120748 0.6568523231734517 0.0952196654144736
 0.216438718069805 0.6890576170268079 0.09450366490338709
 0.1669651199586296 0.747935234535037 0.08509964550633341
 0.1340193438111008 0.7894528633603574 0.07652779282854169
 0.1540991434471164 0.7562308467939047 0.08967000975897899
 0.2549896529357772 0.6095008633408391 0.1355094837233836
 0.4136203511339107 0.4009109126558422 0.1854687362102471
 0.5204769602764925 0.2865622968804186 0.1929607428430888
 0.536590780004883 0.2929268704434006 0.1704823495517164
 0.5169519278807396 0.3333586740696108 0.1496893980496496
 0.5631368090629764 0.2809912480177507 0.155871942919273
 0.6608361098741682 0.1629492644874818 0.17621462563835
 0.7230914698895725 0.09679218737170672 0.1801163427387208
 0.7543241283907671 0.07752960311063115 0.1681462684986016
 0.7768215031961814 0.07112336253860803 0.1520551342652106
 0.778617175778987 0.08331551703253211 0.1380673071884809
 0.703861780141621 0.1731537525834253 0.1229844672749537
 0.4941096634608921 0.4103900613409419 0.09550027519816597
 0.3945565894949503 0.4482511445891074 0.1571922659159422
 0.2821439764099635 0.6005227179335878 0.1173333056564487
 0.1644074833166532 0.7601437251046455 0.07544879157870125
 0.1129041546624584 0.8291994305127143 0.05789641482482734
 0.1271418670939819 0.802732342345942 0.07012579056007609
 0.2024012265264598 0.6860680114390676 0.1115307620344727
 0.3059189342939589 0.5381932769734975 0.1558877887325435
 0.369262889380803 0.4647647056521609 0.1659724049670362
 0.3946199839650881 0.449019744232401 0.1563602718025108
 0.4564481817484264 0.3782059485501707 0.1653458697014028
 0.5747082289322013 0.2266875218316377 0.1986042492361611
 0.664710257945038 0.112912095615097 0.2223776464398651
 0.704972190805529 0.07349696504198894 0.2215308441524821
 0.7272568426641464 0.07138061992717343 0.2013625374086801
 0.7572903673354833 0.06921716459611653 0.1734924680684004
 0.8036476265420244 0.04713708360512252 0.1492152898528531
 0.8333571971925503 0.03512927363586968 0.1315135291715801
 0.815957482604978 0.06143728701849289 0.1226052303765291
 0.6943680068156253 0.1902854629581466 0.1153465302262281
 0.4969700210521809 0.2841234506132959 0.2189065283345233
 0.3638573741362065 0.468466884846533 0.1676757410172605
 0.1800782531400713 0.7305479013528682 0.08937384550706062
 0.1102303678193613 0.8313158450630843 0.0584537871175544
 0.1473823791342674 0.7726348758170102 0.07998274504872235
 0.2706401954777933 0.5877838797122898 0.1415759248099168
 0.3598328053397713 0.46738164189283 0.1727855527673987
 0.3155570874112923 0.5474213411294595 0.1370215714592481
 0.2367763566707304 0.6680024267466484 0.09522121658262121
 0.3132963940832674 0.5646158242747248 0.1220877816420078
 0.5612169016744488 0.2194230300912995 0.2193600682342519
 0.6754491401587166 0.06115529948357074 0.2633955603577126
 0.7006413298342458 0.04110983444467823 0.258248835721076
 0.7113067712536369 0.06072108432731991 0.2279721444190431
 0.7320386053983496 0.07823520019438823 0.1897261944072622
 0.7861840702682863 0.05215361478670344 0.1616623149450102
 0.8263014399050901 0.030808228433875 0.1428903316610349
 0.822919520560778 0.0410609171351778 0.1360195623040441
 0.7483560874158831 0.1126647442322091 0.1389791683519077
 0.5661033582308965 0.1575929154108221 0.2763037263582813
 0.4723474813786888 0.2846925680207044 0.2429599506006067
 0.2601275335662063 0.5988254045637345 0.1410470618700592
 0.1497750366369868 0.7674257080301667 0.08279925533284631
 0.2032734792781646 0.6882916259688197 0.1084348947530157
 0.3722708255831643 0.4459594818502652 0.1817696925665706
 0.4559323178805075 0.3452963815345444 0.1987713005849481
 0.3417280548864157 0.5228839784171604 0.1353879666964238
 0.1766948165480492 0.7561370274095166 0.06716815604243417
 0.2050260050340352 0.7151278124728128 0.07984618249315217
 0.4954156606119903 0.2983086646597439 0.2062756747282657
 0.6539555676946068 0.05666019098355202 0.2893842413218411
 0.6751884254128409 0.02500860115458832 0.2998029734325708
 0.6874516030234089 0.03123378069920112 0.2813146162773899
 0.7052630820069482 0.04704183804451212 0.2476950799485396
 0.7370121473747014 0.04463984057013249 0.2183480120551661
 0.7641911072594387 0.03384412837742188 0.2019647643631393
 0.7582893853925609 0.04058941009980553 0.2011212045076335
 0.7008335869577516 0.08410066458414256 0.2150657484581061
 0.5632936808640273 0.1263333400708749 0.3103729790650977
 0.4865244599829177 0.2275741926843229 0.2859013473327594
 0.2951008577500783 0.5253866858515989 0.1795124563983228
 0.1870632310493396 0.7022998770869 0.1106368918637604
 0.2736231355034457 0.5801108199430043 0.1462660445535502
 0.4795056870979769 0.3006387872250352 0.2198555256769879
 0.5717399372112479 0.2046547634630072 0.2236052993257448
 0.4834116820258471 0.3471252999800945 0.1694630179940585
 0.2753183370914238 0.6300436120357615 0.0946380508728146
 0.2512511242373415 0.6554398833474199 0.09330899241523855
 0.4784974436824534 0.3161808313547685 0.2053217249627781
 0.6241974867787122 0.06225610966397793 0.3135464035573098
 0.628068969790449 0.01741888342006839 0.3545121467894825
 0.6202156297922286 0.01310912275843328 0.3666752474493382
 0.6186555593789583 0.02107942758992283 0.3602650130311188
 0.6157836510366631 0.03751006180111264 0.3467062871622242
 0.6081871414065824 0.04792101614592298 0.3438918424474948
 0.5861611797558728 0.05270463668268711 0.36113418356144
 0.5350860718667554 0.07115946250617371 0.3937544656270708
 0.4979024142979526 0.1796842886765395 0.3224132970255079
 0.3975612294628774 0.3231240808337668 0.2793146897033559
 0.2282980117473845 0.6078141587341972 0.1638878295184183
 0.1732415355113044 0.7110749550967626 0.115683509391933
 0.3031066600766746 0.5256940850586889 0.1711992548646365
 0.5302314447709664 0.2306089376271829 0.2391596176018508
 0.6347047806002527 0.1347840580993463 0.2305111613004011
 0.6153582365765033 0.1900176464315135 0.1946241169919831
 0.4953373987303308 0.3498619935144816 0.1548006077551876
 0.4431819558594682 0.4002680583284542 0.1565499858120777
 0.5320078024362522 0.2327008126999521 0.2352913848637957
 0.5870017593102024 0.07275646342963807 0.3402417772601595
 0.5583528862624236 0.02201372917689394 0.4196333845606825
 0.5106160330945835 0.01369313164660336 0.4756908352588131
 0.4637257564437079 0.02559583171162519 0.5106784118446669
