# Created by Octave 3.8.0, Fri Mar 07 15:16:32 2014 EET <vatolvan@nephele>
# name: Eft
# type: matrix
# rows: 361
# columns: 3
 -2.006153029083106 0.418841719663882 -0.183969066439665
 -2.202756191903334 0.7449826806307926 -0.1469613063620937
 -2.207453716351419 1.253697525708677 -0.1059322573164278
 -1.981595392207024 1.642374370812702 -0.06638999580855706
 -1.536258700261206 1.426537509352895 -0.0323966810921575
 -0.9334456806890095 0.6858265223018165 -0.005785105019626099
 -0.26650792745186 0.1687274182622656 0.01376648395149142
 0.3719208791339536 0.07242433204715353 0.0279711789904784
 0.9183158985746532 -0.4864781418390999 0.03893558950765084
 1.348793332713215 -1.857469478272938 0.04839625851782681
 1.668852831484988 -2.872656103030843 0.05742193874622749
 1.892216885525067 -2.560497735794292 0.0664962797736233
 2.0239846418873 -1.506832512950483 0.07570716670579046
 2.057915203952502 -0.8109783760184759 0.08481113251443034
 1.986448324864482 -0.8683168017157167 0.09314682891886697
 1.813730705489131 -1.318594048237934 0.09956576024856489
 1.561771219523124 -1.473080603776798 0.1025828094826542
 1.266343516181297 -0.9822158216319914 0.1008052690077963
 0.9664227434968481 -0.2259530356264476 0.09349050419780046
 -2.347744362766811 0.9062566943652546 -0.2398108072856132
 -2.635818682517606 1.092917369114261 -0.1893009450262588
 -2.728750284389827 1.271603189189927 -0.1319894391477212
 -2.572620523648601 1.240535101849563 -0.07586971975973186
 -2.165275924930097 0.6809922635401211 -0.02749889288945747
 -1.563058325552559 -0.1739590367499447 0.009391909933739508
 -0.8639173249503564 -0.5907576496458402 0.03423713329483963
 -0.1732238529891828 -0.5304245112179824 0.04896162811702794
 0.4307964692738596 -0.9460677755163702 0.05673573921926129
 0.9145710851406087 -2.13030023661725 0.06074598246658412
 1.282909432066308 -2.914926888573925 0.06339922986959069
 1.556890617600083 -2.433418661245278 0.06605060806980904
 1.752071483828677 -1.333930675852806 0.06907988039257218
 1.869759642545969 -0.6595464043879012 0.07208073207562263
 1.902890034366239 -0.7975317985750842 0.0740492724590216
 1.848179901430317 -1.475563568188688 0.07361473210384764
 1.714363578679929 -1.928673777886409 0.06940166322705973
 1.5218567105198 -1.568097475951005 0.06051624314451751
 1.296272157109197 -0.701186484317202 0.04700130658974098
 -2.544200123201633 1.808672294276256 -0.3197664835227896
 -2.915061645235644 1.741726187688492 -0.2594669634981637
 -3.103987451441033 1.363842321008749 -0.1889303084816237
 -3.041389852393884 0.7266530993725753 -0.1185583174798966
 -2.707102631505741 -0.1853359083225988 -0.05746503813439451
 -2.144274866055413 -1.019384380340734 -0.01142596220834721
 -1.448033864658347 -1.243728918304476 0.01795832563341638
 -0.7318594501405126 -1.038975394452971 0.03274760482503956
 -0.08797364355638876 -1.247754015328906 0.03719996166302417
 0.438023753507468 -2.004199327443617 0.03605213965214531
 0.8470519776027664 -2.334960295360529 0.03316183805955574
 1.165576026593118 -1.688468165009661 0.03081187780163229
 1.419717623949907 -0.7175384135436802 0.02963393397583385
 1.619887861894345 -0.2033663936413934 0.028929194572348
 1.76108601775311 -0.4283436670589204 0.02717682925732744
 1.832949991601965 -1.301155542946963 0.02262215917432584
 1.829698768291859 -2.129259418928419 0.01389213338604563
 1.754064479503251 -2.100159570445185 0.0005483119226681667
 1.615813074556028 -1.311530094182667 -0.01658142309142469
 -2.531933906429594 2.862882887855976 -0.4237979084089183
 -2.958831390219708 2.566278165967201 -0.35954531144454
 -3.233783628255381 1.692540495491532 -0.2811247203675878
 -3.273340114265184 0.5777348387576122 -0.2009742858039455
 -3.036295119153745 -0.5132055076627507 -0.1305428222057755
 -2.545688709954852 -1.203528244278047 -0.07758651190248089
 -1.88564835952301 -1.251071082164582 -0.04479596921572539
 -1.171449400613722 -1.02096390222378 -0.0300854734364528
 -0.5069773213869883 -1.133582463310605 -0.02821496570805998
 0.04834092801293419 -1.514546098830898 -0.03297441250042834
 0.4872724776226698 -1.416151088917921 -0.03911355070344242
 0.8373605989189163 -0.6425652165084754 -0.04349179647512249
 1.132815945718634 0.1162915747502939 -0.04533372241867444
 1.393122035153467 0.3202470067832182 -0.0457824099949404
 1.617222547870703 -0.1421355003707584 -0.04705353071654995
 1.790440362146034 -1.226510833039788 -0.05146172135903943
 1.895239227468257 -2.289785744279324 -0.06052978238330502
 1.91892006457214 -2.426183798719318 -0.07436249616140089
 1.856919786569591 -1.648231944244301 -0.09144524066025066
 -2.288935696536501 3.382020141694524 -0.5461616823867205
 -2.731774382308014 2.983682747826171 -0.4849802241242555
 -3.0663115227052 1.946918173129516 -0.4054761615804195
 -3.199214961868484 0.7625928767116418 -0.3214831623255144
 -3.067943930082933 -0.1722746072168941 -0.2462795293216523
 -2.670782938166361 -0.5613279123890395 -0.1893127764456812
 -2.073624527897548 -0.4626187563164261 -0.1543069393413587
 -1.386647894529951 -0.3515124870485862 -0.1392841048067432
 -0.7216056182158945 -0.5660157376226329 -0.1382703199611962
 -0.1523143544159421 -0.8029511555418779 -0.1438677319601569
 0.3016681381301161 -0.4949816956441989 -0.149702667230097
 0.6634193454005644 0.2627852121359662 -0.1520062109965966
 0.9708691079455738 0.7432161378593202 -0.1500481360942424
 1.251117501558436 0.5677097336473422 -0.1455732943927241
 1.508957959516663 -0.2016212181978016 -0.1416281779345874
 1.730011390619755 -1.408643578879984 -0.1412107153914951
 1.891066500911258 -2.382415598866882 -0.1461133795587053
 1.97016086618889 -2.294677876085284 -0.1562327239881509
 1.953389821690917 -1.322491055209963 -0.169502085682274
 -1.850690179610927 3.018767271822258 -0.6754577122013782
 -2.266157792370625 2.57694510029775 -0.6242848768330205
 -2.624231425427813 1.638721858766172 -0.5507688651672334
 -2.827188853660435 0.7545170951848265 -0.469305781312762
 -2.794005153093423 0.3536580336112115 -0.3942650958367435
 -2.497204681711873 0.5335665212973851 -0.3362909529130401
 -1.979947841269559 0.8633130024951228 -0.2999697186568225
 -1.341329272831543 0.7825955533846263 -0.2835765953139909
 -0.6962530091788608 0.2983989946854109 -0.2807839743585162
 -0.1316158811075792 -0.01185047487194238 -0.2835010700117304
 0.3181992300358006 0.2721404827496071 -0.2847220611310079
 0.6669690263981448 0.824526116295268 -0.2804514534370252
 0.9516867727020191 0.9798190995607537 -0.2702755867809369
 1.204893803041834 0.5577740531362742 -0.2566832572696742
 1.438698334784945 -0.2870170291591614 -0.2435964346009591
 1.643918305151177 -1.390929562963275 -0.2346914347874988
 1.798776249265206 -2.124856999106092 -0.2320258935076285
 1.879662790711911 -1.769772011357751 -0.2353223162963623
 1.869733646986917 -0.6491016379725253 -0.2420502217731259
 -1.305167845377293 2.395304765990432 -0.7964505138966953
 -1.658726065654534 1.83251175106471 -0.7608666556168945
 -2.004770774231352 0.8698561847728498 -0.6994467322122649
 -2.247064640061589 0.246261497973816 -0.6262352981298209
 -2.291732404605503 0.5071715784350531 -0.5558117243252902
 -2.088721074546411 1.449673042389292 -0.4993706774245095
 -1.657915973439514 2.137034772666222 -0.462089164202575
 -1.083557429743211 1.896818462845851 -0.4426337215229092
 -0.4788029682693811 1.122533634262214 -0.4347992089960256
 0.05986457465111671 0.7188467468112739 -0.430468012000107
 0.4837939116381935 0.9812935564256647 -0.4226857305922254
 0.7953200075568309 1.348956701590422 -0.4077846905570247
 1.027356734673949 1.263291979640814 -0.3860059968583117
 1.215817112456697 0.8032169108224028 -0.3606878422750466
 1.380516251968809 0.1353278114133588 -0.3365450497963158
 1.520557273479562 -0.7906191538084221 -0.3177450088837464
 1.62063793490434 -1.529979581764135 -0.3064122947784725
 1.661245287795893 -1.343102824096132 -0.301962906530792
 1.627697666745113 -0.3901373108167089 -0.3013750326921767
 -0.7652824508038678 2.376183474538676 -0.8933000825401707
 -1.040153513174267 1.653287181229972 -0.8766084480988002
 -1.348366052586103 0.3987038589642085 -0.8314800936683198
 -1.600212536787785 -0.2743178021077945 -0.7707354488005589
 -1.696285391371423 0.3786390736310514 -0.7082514148825227
 -1.570727084298377 1.83690343700624 -0.6550525244068297
 -1.223644138017312 2.727847319683235 -0.6165612134189509
 -0.7234752258750632 2.341623481805546 -0.5919430871789646
 -0.1772151386590733 1.409812467602775 -0.5756262070762755
 0.314535015489653 1.103049117766925 -0.5602247314863418
 0.6929764483884358 1.592235231997859 -0.5396361155802437
 0.9506167961758687 2.03856468855384 -0.5111699258316504
 1.115737083107919 1.891187420306393 -0.4760924605204836
 1.226096522879698 1.457368520590194 -0.438645065673727
 1.307885423430214 0.9616625336139022 -0.4041215834367298
 1.367986579273067 0.1387338591081019 -0.3768083977091797
 1.398011736765046 -0.8062039970232917 -0.3584974515619436
 1.383774655314856 -1.073255429816311 -0.3479838647341478
 1.314494803961829 -0.490943947838344 -0.3415905553252755
 -0.3293085918442104 2.800254409872544 -0.9532447364345892
 -0.5287140605006202 2.002745299818303 -0.9561270812547819
 -0.7878141139514235 0.507866053023118 -0.9291367580234484
 -1.026757941525765 -0.2619729680043759 -0.8831473692713874
 -1.148100056290324 0.4463318301833303 -0.8305009876732522
 -1.078934731301141 1.83857640196271 -0.7813407843986827
 -0.805992785596809 2.472014104082409 -0.7409492559095501
 -0.3834594095022004 1.842390332535743 -0.7090416203215527
 0.09135267911720767 0.8994517292037737 -0.6811451551661669
 0.5203820300588159 0.8732061792293385 -0.6513463821918656
 0.8416427527856866 1.760156558401946 -0.6151984665927495
 1.042749321286393 2.44324978194563 -0.5716427749423387
 1.149190762159254 2.29717270789043 -0.523324986612751
 1.199418044132798 1.81369242415848 -0.4753903865100058
 1.22259259592577 1.414030846370865 -0.4334067709744623
 1.228708515541256 0.8140134549736165 -0.4012894575710051
 1.21145118260432 -0.005826237578579821 -0.379972189116658
 1.158081504426915 -0.3876981603109088 -0.3671996995685518
 1.059742908666197 -0.04630999230149112 -0.3583853618962434
 -0.04763712051545116 2.726714942655105 -0.9695282486099613
 -0.1897432727574107 1.999135387657496 -0.9903031327130909
 -0.4017541485111726 0.6717253326637659 -0.9810711319369261
 -0.6149722121612173 0.1153430156788984 -0.9502618760162618
 -0.7401603406319565 0.7721807358974706 -0.908020214313043
 -0.7060770521680191 1.69750781473113 -0.8629808960879314
 -0.4935355854587846 1.764064653188116 -0.8198929374832726
 -0.1455265779887509 0.8619046240042431 -0.7789876791451239
 0.2527509328123524 0.01396142747592673 -0.7372285354663378
 0.6124101331493751 0.2761983088060148 -0.6907739163509333
 0.8763150297065542 1.412025138168992 -0.6375091381016679
 1.033684537799912 2.139253440391468 -0.5785623699779514
 1.110159789439976 1.852151404568155 -0.5182455350027221
 1.143565184944761 1.232202964793682 -0.4625721303019044
 1.160897462658279 0.9327556347277538 -0.4170690143928508
 1.167590740150385 0.7713479931650261 -0.3848011107254742
 1.151015973166514 0.5627011391035479 -0.365340969910437
 1.09277794048079 0.6374548843959696 -0.3549768078730213
 0.9818116400513307 1.063548348863943 -0.3479713469440863
 0.08785257007145211 1.888523722739565 -0.9426050039631344
 -0.02069632094535874 1.453375691558081 -0.9779240417995502
 -0.1952247241044063 0.7294778182365422 -0.9843932650559896
 -0.3776995791425202 0.6033748600845608 -0.9677608615756875
 -0.4911956407236527 1.126022872868778 -0.9355376566395257
 -0.4731349074480173 1.495358429150141 -0.8943605321374299
 -0.3051975088332444 1.094995039818763 -0.848068771386017
 -0.02271772416744827 0.1393132114097279 -0.7972711329601035
 0.3024190837745923 -0.489628868579263 -0.7405031305374834
 0.5957699468418545 -0.1015358714448584 -0.6763442673934061
 0.8120317826994747 0.8775725826249459 -0.6054419379612735
 0.9478550250396882 1.286304200919121 -0.531471506774407
 1.03149038516821 0.7438447611865231 -0.460589874160649
 1.098320075454985 0.03178308236385283 -0.3996375180446542
 1.167541034922018 -0.1846423319794208 -0.3538782312093616
 1.232037699649307 -0.04399416650833648 -0.3252141626145887
 1.264506532834875 0.2756270190168387 -0.3115554509817378
 1.234154237913304 0.9311810484833449 -0.3075182667662584
 1.124083754218068 1.702856873162774 -0.3061118627890486
 0.1273480387522604 0.9364597908434873 -0.8793054209892057
 0.03193855302032236 1.006266193712461 -0.9250141484807241
 -0.1155147828563531 1.042508693766061 -0.944183584783363
 -0.2659347439370595 1.233603494589488 -0.939896933611972
 -0.3565068127825989 1.416856267881838 -0.9168376662078533
 -0.3378597170135198 1.252895062969522 -0.8793206612824309
 -0.1977525630769533 0.6736627715362489 -0.8299351203562171
 0.0326471499908039 0.001431292479074196 -0.7694160035219832
 0.2944943439680214 -0.3023002161194738 -0.6977650569867202
 0.5305911872832142 -0.07472261087535122 -0.6160129909451235
 0.7117130907862945 0.2729815911101754 -0.5276743690819838
 0.8454126634587176 0.1502119148331286 -0.4390752391824181
 0.9635371650142549 -0.4365302371524458 -0.3582662653341219
 1.097031319044314 -0.9139377827079094 -0.2929019060783634
 1.253045230918467 -1.022119729268719 -0.2479433074574738
 1.406852392284371 -0.9839479024966991 -0.2241156936818706
 1.512063984610349 -0.722824947399957 -0.2177148224323411
 1.522729595605769 0.1203269458141144 -0.2217948717980009
 1.415383547700208 1.229739222893204 -0.2282453460730206
 0.1298833940567657 0.2574783045823626 -0.7904119820795371
 0.035088760974965 0.7904719107444943 -0.8423106893625466
 -0.09201664531125066 1.439142879525611 -0.8709104169276422
 -0.2089793506476962 1.784948270307037 -0.8768633034969316
 -0.2670475206245506 1.575681936722062 -0.8620611150843729
 -0.2323904734946813 0.9883427982655074 -0.8283431812438673
 -0.1025753132533829 0.4623231210718826 -0.7767602719160434
 0.0918634888307273 0.3218831784619876 -0.7078248282874958
 0.3030996670871466 0.4322424798177212 -0.6226614466997746
 0.4909823746809815 0.3029479854485231 -0.5244537041883963
 0.643203014639274 -0.2870867639281841 -0.4193455743782063
 0.7788300432534268 -0.9939162621702325 -0.3161444859063661
 0.9328853507897233 -1.328034283982077 -0.224711666517338
 1.130623264171941 -1.190632183707403 -0.15355009160583
 1.366111175802949 -1.026388174590707 -0.1075019674782341
 1.597316561548257 -1.238786251729867 -0.08645456771060782
 1.760808851394928 -1.405617855542918 -0.08554389137517661
 1.798646661827609 -0.7876941684245372 -0.09674574225039916
 1.683830219580776 0.3893610756676429 -0.1112306554117647
 0.1322499014401117 -0.426871822807238 -0.6876367340475555
 0.03274954506676335 0.2854526222776493 -0.7419806399748501
 -0.07636900337173147 1.324035723315889 -0.7769321537009504
 -0.1567726908166386 1.863672214818177 -0.7911086377130666
 -0.1726184534175047 1.484169613722479 -0.7838384959023458
 -0.1065385397119695 0.6690383454364074 -0.7544935964981794
 0.03121982280587013 0.2927280132565752 -0.702369460970162
 0.2068502228365919 0.7577295673922977 -0.6273518325653693
 0.3797524116227187 1.416929463205955 -0.5311613439989068
 0.5238472217755162 1.112845333093016 -0.4185623961353465
 0.6415993973870595 -0.2975060292614834 -0.2977937189798612
 0.7619885005819164 -1.639977621326245 -0.1797326955110819
 0.9222255224972397 -1.913529462556125 -0.07584735342643409
 1.142319426923687 -1.318495750265762 0.004438707761325184
 1.40627833657788 -0.8298362036090167 0.05602685542619135
 1.660907433816387 -1.052092072465345 0.07922631844310234
 1.834144286817777 -1.455034987914206 0.07926259417953917
 1.864504403274758 -1.133298000700187 0.06444554825571557
 1.727262777781784 -0.1661998005117053 0.04370890504314562
 0.1362002449082609 -1.142565408320268 -0.581076616036341
 0.03002543681549402 -0.4762787245331596 -0.6347926083991203
 -0.06134272082523602 0.7724585622363058 -0.6734206068877555
 -0.1013241362460744 1.532588762122437 -0.6940392449267156
 -0.06538517050801212 1.154282071831527 -0.6937877344859287
 0.0471564278872148 0.227765834639949 -0.6697253055943687
 0.2109170261886534 -0.06702478574925254 -0.6192730305751921
 0.3845746835812595 0.809919535020061 -0.541296475316097
 0.529727235407319 1.983526195939195 -0.4374976426518878
 0.6295516002438962 1.878874112849227 -0.3134830926294969
 0.6973317932200908 0.190058964211769 -0.178851777920992
 0.7693211158568726 -1.67665382079409 -0.04596299373447341
 0.8842828538234985 -2.41149531163944 0.07241642113088491
 1.059393535186522 -2.03209903835968 0.1658757233434
 1.27496746657439 -1.432566648264266 0.2285952438504586
 1.476799400960639 -1.327180927916317 0.2602857541613807
 1.596287307580324 -1.520768626281806 0.2655635206466697
 1.57924047935532 -1.348322192892325 0.2520841652038121
 1.409504010124014 -0.7107584079294592 0.2281784024579847
 0.118168411948246 -1.376719013471749 -0.4778580952821654
 0.003078789371541735 -0.7567364285229832 -0.5285609555076015
 -0.07154949827087058 0.5052662007023213 -0.5686213779728605
 -0.06892042144656352 1.253993475510836 -0.5941131217973378
 0.02586746282361994 0.7773365397719633 -0.6004570754022558
 0.1971004399840192 -0.2697465922002 -0.5826848696344579
 0.4024509037798119 -0.6249115956168029 -0.5363510124505362
 0.5892377125218343 0.2580550685529009 -0.4589961001278342
 0.716150513756326 1.544013541488383 -0.3517175654548169
 0.7703430672399961 1.729196384646134 -0.2201930110214108
 0.7715017944858358 0.3571608633943863 -0.07457068178230353
 0.7605095657245571 -1.544708262554666 0.0719901965504223
 0.777727328419425 -2.807373250319026 0.2058199171711578
 0.8411150147229437 -3.015643268210596 0.3155244120665971
 0.9348618623911207 -2.444387038392546 0.3941533468798921
 1.014491697494774 -1.783794186580089 0.4400744820837749
 1.026534738337463 -1.514393183004326 0.4563799107369113
 0.9335378260214098 -1.475353381040705 0.4491931876303041
 0.7322918421844562 -1.285215767813725 0.4255922208282658
 0.0524831700081667 -0.9667333656817219 -0.382086212581309
 -0.07500408958248284 -0.2823264028428443 -0.4280132171099419
 -0.1361729996431292 0.8430375319599283 -0.4676419765807194
 -0.09272875426980891 1.319358895247066 -0.4965571136980268
 0.06227498462590079 0.6129096842858278 -0.508981589862434
 0.2978668485444813 -0.5347245332643717 -0.4983155344165298
 0.5544553420519768 -0.9950342420004616 -0.4584051511107687
 0.7658136687955984 -0.4092749172999258 -0.3853203889647812
 0.8839938384555671 0.5362971533918834 -0.2791068292304806
 0.8957650820025849 0.7939240264611652 -0.1448394532191649
 0.8233828964041126 -0.003520373647766215 0.007549716332356269
 0.7101658678602458 -1.377748358446081 0.1647945431787381
 0.5983985681861959 -2.634930706603212 0.3127886779007223
 0.5101408723897041 -3.108581894349214 0.4392909537753499
 0.4395581453958076 -2.457302861607966 0.5360048268375567
 0.359672576366778 -1.299507647496923 0.5994556814146247
 0.2396428095951957 -0.7339159265560508 0.6305665700973012
 0.06378761201357178 -1.004014411525558 0.6333047650077074
 -0.1571358040854098 -1.38320340320734 0.6130345643442795
 -0.06736429975336308 -0.3767148483036248 -0.2956868580985386
 -0.210141629103057 0.4154643545338726 -0.3356398070386344
 -0.2628102162103192 1.394437890120224 -0.3733077075544635
 -0.1852453822011812 1.604159798465453 -0.4042375161182279
 0.02327987568346537 0.7567780750445711 -0.4219801989791161
 0.3190057146762032 -0.362875946493297 -0.4187853352299286
 0.6271311902050338 -0.8545054909740628 -0.3871043269624924
 0.8684984866456605 -0.5915915956492815 -0.3215923176280937
 0.9873384236236908 -0.1157328226126839 -0.2210110373225793
 0.9675397197658888 0.01574451499493832 -0.08935389812214276
 0.8311928537936382 -0.3283085318843019 0.06428694654242657
 0.6222344720611447 -0.996474758977987 0.2271712700855146
 0.3847148967000593 -1.741966974084578 0.3852674951300898
 0.1463471342487859 -2.013688467763296 0.5257882489396956
 -0.08611044363096818 -1.318744810568151 0.63915631041148
 -0.3195598042031832 -0.1869276075968496 0.7199254916644126
 -0.5608150411835258 0.2072089519968994 0.7666112003557966
 -0.8042736948487149 -0.3865966637072513 0.780771838836224
 -1.027539835219519 -1.087538127893148 0.7658625322122058
 -0.2213771928938891 -0.02094005864972196 -0.2194969902739886
 -0.3788983372905973 0.7772915736854847 -0.2528196349230801
 -0.427801763827184 1.619948351542861 -0.2873288468407434
 -0.3268609465782898 1.721928723589983 -0.3188878687004348
 -0.07974888784111454 0.9581464093945145 -0.3408668014710829
 0.2609431777149112 0.03401948013376457 -0.3448934250240511
 0.6099073809977247 -0.3910976456553734 -0.3224705183726974
 0.8788213502735542 -0.3290838916862801 -0.267096158131053
 1.005810275797807 -0.1877460821381207 -0.1762574475300024
 0.9714990054353188 -0.2141063787968369 -0.05262890275200165
 0.7962023148059667 -0.3544975563233018 0.09596190447630014
 0.5227596165222512 -0.5258524624002994 0.2578197807217467
 0.195798638878925 -0.7122142909387921 0.4195068010589595
 -0.1521878562950588 -0.7081591543331754 0.5681396558003464
 -0.5032372492748753 -0.2867186951243951 0.6932133295125097
 -0.8469028851430043 0.1958589774080107 0.7875713526286434
 -1.17022451376111 0.1002098279726332 0.8475127324632626
 -1.451379873505891 -0.5131581137403504 0.8723233373960113
 -1.660825981532714 -0.971976542847771 0.8636250830666191


# name: pyt2
# type: matrix
# rows: 361
# columns: 3
 0.05409053634781066 0.6113404409030767 0.3345690227491125
 0.03587334888843744 0.6838465302985595 0.2802801208130031
 0.02437108554788396 0.776307460068177 0.1993214543839392
 0.0220875291990354 0.8279749684897475 0.1499375023112172
 0.04023976566835075 0.7787202849744737 0.1810399493571755
 0.1165772792485276 0.5886469494752252 0.2947757712762473
 0.2584767684818857 0.3994310522269643 0.34209217929115
 0.4081372995038081 0.3025078081184024 0.2893548923777894
 0.6022436130855336 0.1478011805457645 0.2499552063687019
 0.7616544663404978 0.03085288261245797 0.2074926510470442
 0.8262693404661738 0.008805811171143972 0.1649248483626823
 0.8526978029233877 0.009931292073938523 0.1373709050026738
 0.8533877080908543 0.02498802755491503 0.1216242643542308
 0.8362697989426462 0.04746809053361656 0.1162621105237372
 0.8277164431081987 0.04765109019862131 0.1246324666931802
 0.8171734924312319 0.03564206964009215 0.1471844379286759
 0.780940906754326 0.03754903429776999 0.181510058947904
 0.705563938881414 0.07447310537611264 0.2199629557424734
 0.5809818242853788 0.1763276115059843 0.2426905642086369
 0.02846979174163216 0.737189249924568 0.2343409583337998
 0.01845886069927661 0.7683770487280535 0.21316409057267
 0.0144848499528002 0.79112560351247 0.1943895465347298
 0.01711270455686024 0.7750881537762436 0.2077991416668963
 0.03744764076209915 0.6449752212830144 0.3175771379548863
 0.1017327579611471 0.4080740462477391 0.4901931957911137
 0.2096797368945217 0.2755422514209481 0.5147780116845301
 0.3391629701975352 0.2372892999661793 0.4235477298362857
 0.5153832063331791 0.130066579472897 0.3545502141939239
 0.6787089609386274 0.03230820054855119 0.2889828385128213
 0.7631240958318229 0.01146827284278858 0.2254076313253885
 0.804067026800506 0.01487041031437433 0.1810625628851197
 0.8120168883663633 0.03709636471688502 0.1508867469167516
 0.8029565976765921 0.0640071384445713 0.1330362638788365
 0.8144802850933651 0.05471447993739745 0.1308052349692375
 0.8294797708770439 0.02987599313123848 0.1406442359917177
 0.8202149245498493 0.02146726147365735 0.1583178139764932
 0.7828222390266474 0.03562157373974064 0.181556187233612
 0.7030403657013139 0.09538827505762328 0.2015713592410629
 0.01137015135263317 0.883475920508451 0.1051539281389158
 0.008296637738770469 0.8736136011404514 0.1180897611207782
 0.009379348681920302 0.8175729188483506 0.1730477324697291
 0.01590100337114014 0.6884379317248628 0.2956610649039971
 0.03623256142446853 0.4511161858343392 0.5126512527411923
 0.07988015625809861 0.2460212588826933 0.674098584859208
 0.1524736265334702 0.1870351536613926 0.6604912198051373
 0.2574853955777808 0.1893973251658972 0.5531172792563221
 0.4086803327528359 0.1281437776168786 0.4631758896302854
 0.5694867722713276 0.04952672756939024 0.3809865001592822
 0.6735671712504374 0.02795442351881183 0.2984784052307507
 0.7251059536239962 0.04177397740322063 0.2331200689727832
 0.7315114572529047 0.08630235148593071 0.1821861912611647
 0.7324775565237793 0.1182946380963838 0.1492278053798368
 0.7760520763824316 0.08690277298747399 0.1370451506300944
 0.828404893932034 0.03606765580505621 0.1355274502629098
 0.8461743138135895 0.01614753159962392 0.1376781545867866
 0.8372726751384287 0.01774184092837785 0.1449854839331935
 0.8006404635907628 0.04286556479270978 0.1564939716165275
 0.004357399653042368 0.9597686481139092 0.03587395223304835
 0.003768352511310679 0.9455317451127921 0.05069990237589713
 0.006327968384530323 0.8724482657735491 0.1212237658419206
 0.01436027835232417 0.6755592729437192 0.3100804487039566
 0.03149998656221345 0.3927120832280081 0.5757879302097784
 0.06014192965137855 0.2301814080547503 0.7096766622938712
 0.1088360473585087 0.2052892324031438 0.6858747202383475
 0.1889132693461943 0.2195924911573189 0.5914942394964867
 0.3176137338439657 0.1697337154172527 0.5126525507387816
 0.4691678797945728 0.09830487610106647 0.4325272441043608
 0.5747808719979437 0.085675363407092 0.3395437645949644
 0.6089822150317628 0.1386375880854278 0.2523801968828095
 0.5989106124326501 0.2167160536172704 0.1843733339500795
 0.6332275080996806 0.2165788624122598 0.1501936294880595
 0.734493190347094 0.1264469276908713 0.1390598819620347
 0.8281807652904083 0.04053963959761017 0.1312795951119816
 0.8645452318289719 0.01315995693377579 0.1222948112372522
 0.8701572185499074 0.0112860792670577 0.118556702183035
 0.8528427576194043 0.02562128520300841 0.1215359571775872
 0.003366719260140203 0.9773986416845869 0.01923463905527297
 0.003184913300783174 0.9666941884230409 0.03012089827617589
 0.006035079424118872 0.9076135759596463 0.08635134461623482
 0.01402010171063499 0.7367878354592422 0.2491920628301228
 0.02785483778435315 0.5040502587028003 0.4680949035128464
 0.04716407076552605 0.3888086871792211 0.5640272420552528
 0.07797787280299007 0.3905011350807578 0.531520992116252
 0.1370493582495561 0.3858607478913764 0.4770898938590675
 0.2525027893500186 0.2950108620523572 0.4524863485976242
 0.3952263238118739 0.206194886258534 0.3985787899295922
 0.4790209192067566 0.2159602656306078 0.3050188151626356
 0.4734072679759844 0.3171332131664137 0.2094595188576019
 0.4711688837929634 0.375239175493507 0.1535919407135295
 0.5706759793182877 0.2881305911594294 0.1411934295222829
 0.7284921205793834 0.1316830148457568 0.1398248645748598
 0.8352289723748041 0.03619970378896816 0.1285713238362277
 0.8738744772505044 0.01217585201059787 0.1139496707388977
 0.8823627170824161 0.01240084323414642 0.1052364396834374
 0.8639543362079972 0.03264328077208482 0.1034023830199181
 0.007435545359418866 0.9684814980495432 0.02408295659103802
 0.007517258737461684 0.9536573495778627 0.03882539168467562
 0.01250441946530642 0.8880565498607209 0.09943903067397263
 0.02105114851809295 0.7564686328970849 0.2224802185848224
 0.02832708112881855 0.659499664959207 0.3121732539119746
 0.03290310888507367 0.6815286918675469 0.2855681992473794
 0.0424861049202121 0.7295573082845107 0.2279565867952773
 0.08167404565297261 0.6831135509309041 0.2352124034161232
 0.1916125635176164 0.5180788438317436 0.29030859265064
 0.3348603762722034 0.3774654585351861 0.2876741651926104
 0.3996488533772527 0.3816590030273894 0.218692143595358
 0.3908712021776935 0.4575724301356844 0.1515563676866221
 0.4304438905348757 0.4427252199732998 0.1268308894918246
 0.5696636299966871 0.2982482859446325 0.1320880840586804
 0.7331419041901901 0.1305327186439799 0.13632537716583
 0.8327196395404038 0.04003880665663603 0.1272415538029602
 0.8688102202010665 0.01717562906674468 0.1140141507321888
 0.8721126134249086 0.02268000631586656 0.1052073802592248
 0.8322408365988689 0.06703980725131914 0.1007193561498119
 0.02318594269380656 0.9382522049010973 0.03856185240509623
 0.02756271238843381 0.9047889169894788 0.0676483706220873
 0.04462752181477137 0.7907467156875251 0.1646257624977036
 0.0550698905914155 0.6664260992252371 0.2785040101833474
 0.04328857689409342 0.7110855671526489 0.2456258559532577
 0.02480639954542706 0.8536282401308536 0.1215653603237194
 0.02049922330643425 0.9117243932705279 0.06777638342303791
 0.04426061139068502 0.871722414062657 0.08401697454665792
 0.1427624430297471 0.7080527622380308 0.1491847947322222
 0.2820678155499674 0.5451874578393626 0.17274472661067
 0.3280250373570937 0.539471298805605 0.1325036638373012
 0.3289659431771038 0.5722585634586272 0.09877549336426912
 0.3984990937569473 0.504536642794969 0.09696426344808365
 0.5351533922448635 0.3542324084075071 0.1106141993476295
 0.6814403865860647 0.1961775924527495 0.1223820209611859
 0.7947660972204623 0.07879672434257813 0.1264371784369596
 0.8414656376235345 0.03603633234957719 0.1224980300268882
 0.8403514567905519 0.04165711129362147 0.1179914319158265
 0.7823343672767359 0.1040058607828834 0.1136597719403808
 0.03997186283824859 0.9248593786645547 0.03516875849719668
 0.05896181623174071 0.871600124825002 0.06943805894325727
 0.1188415738830166 0.6818851253625599 0.1992733007544236
 0.1416897635489497 0.5335403169027547 0.3247699195482955
 0.08583769442335859 0.6836066669931492 0.2305556385834922
 0.0296805690963673 0.89616371491742 0.07415571598621262
 0.01823222046761573 0.9483103687927186 0.03345741073966567
 0.04241394308258033 0.9092097922906741 0.0483762646267456
 0.152425531890284 0.7452381021882324 0.1023363659214836
 0.276465563178334 0.6082587517783407 0.1152756850433253
 0.2667156975623622 0.655528690789875 0.07775561164776275
 0.2380953229095173 0.7067090137289828 0.0551956633615
 0.2962855239944874 0.6434047096226705 0.06030976638284196
 0.4082563280498102 0.51448542678554 0.07725824516464988
 0.5297008665283043 0.374686454397036 0.09561267907465973
 0.6815741089481193 0.1993679812047032 0.1190579098471774
 0.7794332418955232 0.0860003450822452 0.1345664130222316
 0.7919775911465485 0.06786381743052165 0.1401585914229297
 0.7378510571393629 0.1213044174489028 0.1408445254117343
 0.04098391392208638 0.9370556274358439 0.02196045864206976
 0.07030354533899252 0.883844895291902 0.0458515593691054
 0.1811039982106973 0.6616598545333774 0.1572361472559254
 0.232397796631338 0.4993141803290275 0.2682880230396344
 0.1369983993048271 0.6747897280400035 0.1882118726551694
 0.04798047096986593 0.8874083128867585 0.06461121614337549
 0.03497718833647388 0.9276949646485304 0.03732784701499572
 0.09104602386566074 0.8432090220195817 0.0657449541147575
 0.2698693416728863 0.6054893488853538 0.1246413094417598
 0.3659100844532175 0.520719641866024 0.1133702736807585
 0.2674844640721964 0.6701994080311827 0.06231612789662081
 0.1902500083510329 0.7718880305021594 0.03786196114680764
 0.2304359843447761 0.7262941110364878 0.0432699046187361
 0.3294177635465423 0.608867773406873 0.06171446304658455
 0.4163385861781116 0.5041818864312125 0.07947952739067583
 0.5386562202065324 0.3558048820523099 0.1055388977411577
 0.6668130961276403 0.1974000481191967 0.1357868557531628
 0.6989558677841425 0.1489793847939368 0.1520647474219206
 0.6357161085786712 0.2103345151338597 0.1539493762874691
 0.05738550125074403 0.9197884915649414 0.02282600718431472
 0.09639226133417136 0.8603201455069829 0.04328759315884589
 0.222924578626785 0.6521750340252197 0.1249003873479954
 0.2637919852257207 0.547562212652991 0.1886458021212882
 0.1566707360496046 0.7108684965086504 0.132460767441745
 0.0774140597320442 0.856413466625653 0.06617247364230278
 0.08863938354958355 0.8474031090225264 0.06395750742788998
 0.2342299528365899 0.6414521171395734 0.1243179300238367
 0.4631420088051877 0.3647616826925065 0.1720963085023059
 0.5034898985393139 0.3597293075458013 0.1367807939148848
 0.3414451667241243 0.5834140899720556 0.07514074330382019
 0.2369453989776383 0.7157984501455622 0.04725615087679948
 0.303365269914092 0.6371016416415595 0.05953308844434847
 0.4360441028233696 0.4764587598771213 0.08749713729950917
 0.4993992889146184 0.3975275047478231 0.1030732063375586
 0.5306210080485233 0.3570248142044647 0.112354177747012
 0.5634525541946661 0.3128639080606764 0.1236835377446574
 0.534947995286828 0.339287042117457 0.1257649625957148
 0.4255853903257019 0.4618325220654608 0.1125820876088375
 0.1349427012795274 0.8169038538935154 0.04815344482695718
 0.1738847007996714 0.7593512520302437 0.06676404717008502
 0.2515507773090388 0.6341892486551347 0.1142599740358265
 0.236876233967823 0.6318248530020746 0.1312989130301024
 0.1496938578635158 0.754315544533838 0.09599059760264615
 0.1134285464585186 0.8121348750535771 0.07443657848790428
 0.1773974913500725 0.7195208304698854 0.1030816781800421
 0.3792466823733297 0.4459548911142537 0.1747984265124165
 0.5539124011446871 0.2508759518459091 0.1952116470094037
 0.5623779785524726 0.2800220542488686 0.1575999671986588
 0.4328888655889559 0.4622111556492087 0.1048999787618353
 0.3801469763226066 0.5332589460181991 0.08659407765919429
 0.506346638355392 0.3797738206890299 0.1138795409555781
 0.6378426566230556 0.2195444329669651 0.1426129104099791
 0.6770129783805245 0.1751262384181625 0.147860783201313
 0.6712052987846042 0.1873621141089338 0.141432587106462
 0.6334000318206245 0.235620549632907 0.1309794185464684
 0.5121267133302753 0.3782664690966414 0.1096068175730833
 0.330785115682197 0.5900705382840902 0.07914434603371283
 0.2769046000067009 0.6219034120885852 0.1011919879047141
 0.2479269140089952 0.6568539147929532 0.09521917119805166
 0.2164378173690391 0.6890589079539902 0.09450327467697067
 0.1669642754954143 0.7479365206037535 0.08509920390083209
 0.1340185997162129 0.78945408491493 0.07652731536885717
 0.1540986601887133 0.7562317129607513 0.08966962685053553
 0.2549900156763283 0.6095004728949468 0.1355095114287249
 0.413621514038722 0.4009094057117657 0.1854690802495122
 0.5204777442081577 0.2865613268489987 0.1929609289428436
 0.5365909597298898 0.2929266664023909 0.1704823738677193
 0.5169520381649881 0.333358537855565 0.1496894239794469
 0.5631370821443412 0.2809909142089694 0.1558720036466894
 0.6608361884802757 0.1629492142417255 0.1762145972779987
 0.7230915092214323 0.09679222600273224 0.1801162647758354
 0.7543243630747465 0.0775294221585907 0.1681462147666628
 0.7768218896515261 0.0711230020283446 0.1520551083201293
 0.7786175171171342 0.08331519963516726 0.1380672832476984
 0.7038618981029245 0.1731536792700507 0.1229844226270248
 0.4941086584044269 0.4103913121791393 0.09550002941643378
 0.3945560675629254 0.4482522642633558 0.1571916681737188
 0.2821439672363926 0.6005228020366565 0.1173332307269508
 0.164407482821986 0.7601437212972261 0.07544879588078796
 0.1129035754363137 0.8292003151808939 0.05789610938279251
 0.1271406845983847 0.8027342264975214 0.07012508890409395
 0.2024000717187719 0.6860699315156679 0.1115299967655603
 0.3059188569592119 0.5381935897986067 0.1558875532421813
 0.3692634245291012 0.4647641007225964 0.1659724747483024
 0.3946201683784302 0.4490195894956494 0.1563602421259205
 0.4564478793999093 0.3782064195038165 0.1653457010962741
 0.5747082326945492 0.2266875668737704 0.1986042004316804
 0.6647106570787015 0.1129116368927577 0.2223777060285407
 0.7049725470075786 0.0734966058960486 0.2215308470963727
 0.7272570420879236 0.07138048642499055 0.2013624714870858
 0.757290519728915 0.0692170768267821 0.1734924034443027
 0.8036477473339546 0.04713699903025927 0.1492152536357861
 0.8333571844684586 0.03512930337637821 0.1315135121551632
 0.8159572416256706 0.06143754457065589 0.1226052138036735
 0.6943669825384132 0.1902866215834386 0.1153463958781482
 0.4969703322014714 0.2841233873494942 0.2189062804490345
 0.3638574521240482 0.4684668086179996 0.1676757392579521
 0.180078062063995 0.7305481638246859 0.08937377411131915
 0.1102296774557245 0.8313169013040479 0.05845342124022769
 0.1473810298195614 0.7726370004948661 0.0799819696855725
 0.270638990746619 0.5877858497629136 0.1415751594904674
 0.3598326107311651 0.4673821089587802 0.1727852803100546
 0.3155570932374559 0.5474214446463795 0.1370214621161644
 0.2367761622455958 0.6680027453498203 0.09522109240458403
 0.3132960039253436 0.5646163954249843 0.1220876006496722
 0.561216858707355 0.2194231289956916 0.2193600122969532
 0.6754493852974307 0.06115502926292064 0.2633955854396486
 0.7006415778379729 0.04110959174201621 0.258248830420011
 0.7113069327939142 0.0607209544085675 0.2279721127975183
 0.732038685602472 0.07823513329750353 0.1897261811000247
 0.7861841350193819 0.05215351219842893 0.1616623527821892
 0.8263014140848746 0.03080818311734069 0.1428904027977846
 0.8229194519918686 0.04106088317350712 0.1360196648346244
 0.748356001620139 0.1126647082709419 0.138979290108919
 0.5661038749743685 0.1575923968347588 0.2763037281908726
 0.4723473389080169 0.2846927251075672 0.2429599359844158
 0.2601270109073825 0.5988261356409854 0.1410468534516319
 0.149774386184997 0.7674266985175118 0.08279891529749113
 0.203272522114001 0.6882931205675337 0.1084343573184654
 0.372270379652852 0.4459602506917857 0.1817693696553624
 0.4559324615020997 0.3452962954584788 0.1987712430394215
 0.341727981471761 0.5228841328478749 0.1353878856803641
 0.1766947654067771 0.7561371047569555 0.06716812983626747
 0.2050262895378079 0.7151274118207914 0.07984629864140079
 0.4954163107617339 0.2983077321592422 0.2062759570790239
 0.6539558528534537 0.05665979686538186 0.2893843502811644
 0.6751885571752696 0.02500845156564466 0.2998029912590857
 0.6874516428484797 0.03123373984622975 0.2813146173052906
 0.7052630661881506 0.04704180911377456 0.2476951246980749
 0.7370121474229169 0.04463971999022086 0.2183481325868622
 0.7641910661330639 0.03384400607626115 0.2019649277906751
 0.758289374011595 0.04058921538672472 0.2011214106016803
 0.700833804325166 0.08410015055526623 0.2150660451195678
 0.5632944310978801 0.1263322112213234 0.3103733576807966
 0.4865248548997548 0.2275733881473527 0.2859017569528927
 0.2951010757942845 0.5253862080046729 0.1795127162010426
 0.1870632093374301 0.7022998675315324 0.1106369231310375
 0.2736228706018547 0.5801112239484698 0.1462659054496755
 0.4795058188195858 0.3006386355731404 0.2198555456072739
 0.5717402743682671 0.2046543222814638 0.2236054033502691
 0.4834116434007251 0.3471253349257113 0.1694630216735637
 0.2753179814811604 0.6300440601575168 0.09463795836132279
 0.2512511709624272 0.6554397846761827 0.09330904436139002
 0.4784980789775605 0.3161798714568936 0.2053220495655458
 0.6241977728867766 0.06225565867374727 0.3135465684394763
 0.6280690376580067 0.01741879009828608 0.3545121722437073
 0.6202156178892227 0.0131091296253267 0.3666752524854505
 0.6186554755172805 0.02107947112872837 0.3602650533539912
 0.6157835341236708 0.03751007681920972 0.3467063890571194
 0.6081869979322815 0.04792103134141784 0.3438919707263007
 0.5861610530034268 0.05270463378187143 0.3611343132147018
 0.5350861000503283 0.07115923117906778 0.393754668770604
 0.4979035733521185 0.1796822287266939 0.3224141979211875
 0.3975623977121877 0.3231218781844337 0.2793157241033788
 0.2282989312600213 0.6078124742193525 0.1638885945206262
 0.1732419499245279 0.7110742263174924 0.1156838237579797
 0.3031066563035765 0.5256940787630214 0.1711992649334021
 0.5302315811055114 0.2306087322843644 0.2391596866101241
 0.6347050533888993 0.134783639724345 0.2305113068867557
 0.6153582923033474 0.1900174863188849 0.1946242213777676
 0.4953367147040235 0.3498628001211212 0.1548004851748553
 0.4431810504282151 0.4002692007919385 0.1565497487798465
 0.5320076019256329 0.2327010327745324 0.2352913652998347
 0.5870019332473922 0.07275618262328488 0.3402418841293228
 0.5583529759443193 0.02201363559156858 0.4196333884641121
 0.5106160644453132 0.01369314303949338 0.4756907925151934
 0.4637257335299885 0.0255959024705082 0.5106783639995033
